32445.0 32457.0 1369213248.0 1.0 1.0 0.0
32649.0 32661.0 1369213452.0 2988.0 0.0 0.0
33452.0 33458.0 1369214255.0 1.0 1.0 0.0
59829.0 59835.0 1369240632.0 1.0 1.0 0.0
60051.0 60063.0 1369240854.0 2983.0 0.0 0.0
61281.0 61294.0 1369242084.0 1.0 1.0 0.0
64114.0 64120.0 1369244917.0 1.0 1.0 0.0
64319.0 64336.0 1369245122.0 2977.5 0.0 0.0
68448.0 68460.0 1369249251.0 1.0 1.0 0.0
68646.0 68658.0 1369249449.0 3000.0 0.0 0.0
69202.0 69209.0 1369250005.0 1.0 1.0 0.0
123068.0 123080.0 1369303871.0 1.0 1.0 0.0
123298.0 123302.0 1369304101.0 2945.0 0.0 0.0
123458.0 123475.0 1369304261.0 1.0 1.0 0.0
133339.0 133351.0 1369314142.0 1.0 1.0 0.0
133513.0 133532.0 1369314316.0 2993.0 0.0 0.0
134530.0 134535.0 1369315333.0 1.0 1.0 0.0
142307.0 142313.0 1369323110.0 1.0 1.0 0.0
142512.0 142530.0 1369323315.0 2998.5 0.0 0.0
160271.0 160283.0 1369341074.0 1.0 1.0 0.0
160470.0 160481.0 1369341273.0 2937.66666667 0.0 0.0
161728.0 161740.0 1369342531.0 1.0 1.0 0.0
161890.0 161902.0 1369342693.0 2924.0 0.0 0.0
247148.0 247154.0 1369427951.0 1.0 1.0 0.0
247359.0 247377.0 1369428162.0 3027.0 0.0 0.0
247984.0 248002.0 1369428787.0 1.0 1.0 0.0
248160.0 248183.0 1369428963.0 2974.0 0.0 0.0
289513.0 289526.0 1369470316.0 1.0 1.0 0.0
289718.0 289724.0 1369470521.0 2902.0 0.0 0.0
301677.0 301683.0 1369482480.0 1.0 1.0 0.0
301857.0 301875.0 1369482660.0 2982.0 0.0 0.0
307625.0 307638.0 1369488428.0 1.0 1.0 0.0
307868.0 307872.0 1369488671.0 3868.0 0.0 0.0
308412.0 308448.0 1369489215.0 1.0 1.0 0.0
321341.0 321358.0 1369502144.0 1.0 1.0 0.0
321533.0 321539.0 1369502336.0 2958.0 0.0 0.0
329840.0 329851.0 1369510643.0 1.0 1.0 0.0
330045.0 330056.0 1369510848.0 2861.5 0.0 0.0
377080.0 377087.0 1369557883.0 1.0 1.0 0.0
377274.0 377292.0 1369558077.0 2971.0 0.0 0.0
385962.0 385980.0 1369566765.0 1.0 1.0 0.0
386167.0 386174.0 1369566970.0 2958.0 0.0 0.0
387568.0 387574.0 1369568371.0 1.0 1.0 0.0
387695.0 387700.0 1369568498.0 1955.83333333 0.0 0.0
401160.0 401167.0 1369581963.0 1.0 1.0 0.0
401353.0 401359.0 1369582156.0 2985.0 0.0 0.0
419285.0 419298.0 1369600088.0 1.0 1.0 0.0
419502.0 419514.0 1369600305.0 2847.0 0.0 0.0
462290.0 462302.0 1369643093.0 1.0 1.0 0.0
462488.0 462506.0 1369643291.0 2924.0 0.0 0.0
468939.0 468951.0 1369649742.0 1.0 1.0 0.0
469623.0 469634.0 1369650426.0 117.166666667 1.0 0.0
469809.0 469826.0 1369650612.0 2940.5 0.0 0.0
469982.0 469988.0 1369650785.0 1.0 1.0 0.0
470174.0 470180.0 1369650977.0 2952.0 0.0 0.0
470470.0 470483.0 1369651273.0 1.0 1.0 0.0
490864.0 490871.0 1369671667.0 1.0 1.0 0.0
491039.0 491045.0 1369671842.0 2979.0 0.0 0.0
499693.0 499704.0 1369680496.0 1.0 1.0 0.0
499885.0 499891.0 1369680688.0 2955.0 0.0 0.0
500449.0 500455.0 1369681252.0 1.0 1.0 0.0
506466.0 506478.0 1369687269.0 1.0 1.0 0.0
506670.0 506676.0 1369687473.0 2962.0 0.0 0.0
579807.0 579813.0 1369760610.0 1.0 1.0 0.0
579988.0 579994.0 1369760791.0 2889.0 0.0 0.0
583018.0 583030.0 1369763821.0 1.0 1.0 0.0
583229.0 583235.0 1369764032.0 2813.0 0.0 0.0
585169.0 585175.0 1369765972.0 1.0 1.0 0.0
585367.0 585373.0 1369766170.0 2971.0 0.0 0.0
631610.0 631622.0 1369812413.0 1.0 1.0 0.0
631816.0 631821.0 1369812619.0 2950.0 0.0 0.0
645090.0 645098.0 1369825893.0 1.0 1.0 0.0
645258.0 645276.0 1369826061.0 2983.0 0.0 0.0
650209.0 650222.0 1369831012.0 1.0 1.0 0.0
650343.0 650348.0 1369831146.0 2446.66666667 0.0 0.0
667301.0 667307.0 1369848104.0 1.0 1.0 0.0
667475.0 667481.0 1369848278.0 2958.0 0.0 0.0
679604.0 679613.0 1369860407.0 1.0 1.0 0.0
679779.0 679791.0 1369860582.0 2886.0 0.0 0.0
728741.0 728749.0 1369909544.0 1.0 1.0 0.0
728964.0 728970.0 1369909767.0 2998.0 0.0 0.0
729193.0 729211.0 1369909996.0 1.0 1.0 0.0
745972.0 745983.0 1369926775.0 1.0 1.0 0.0
746206.0 746212.0 1369927009.0 2971.0 0.0 0.0
746695.0 746702.0 1369927498.0 1.0 1.0 0.0
753025.0 753032.0 1369933828.0 1.0 1.0 0.0
753207.0 753219.0 1369934010.0 2991.0 0.0 0.0
761522.0 761533.0 1369942325.0 1.0 1.0 0.0
761709.0 761726.0 1369942512.0 3005.16666667 0.0 0.0
803014.0 803020.0 1369983817.0 1.0 1.0 0.0
803196.0 803225.0 1369983999.0 3021.66666667 0.0 0.0
830429.0 830436.0 1370011232.0 1.0 1.0 0.0
830658.0 830664.0 1370011461.0 2949.0 0.0 0.0
849247.0 849252.0 1370030050.0 503.333333333 1.0 0.0
849438.0 849444.0 1370030241.0 3030.0 0.0 0.0
850330.0 850342.0 1370031133.0 1.0 1.0 0.0
850475.0 850492.0 1370031278.0 2989.33333333 0.0 0.0
903578.0 903589.0 1370084381.0 0.166666666667 1.0 0.0
903787.0 903793.0 1370084590.0 3004.0 0.0 0.0
915854.0 915860.0 1370096657.0 1.0 1.0 0.0
916029.0 916040.0 1370096832.0 3020.83333333 0.0 0.0
926204.0 926210.0 1370107007.0 1.0 1.0 0.0
926331.0 926348.0 1370107134.0 2916.0 0.0 0.0
934250.0 934262.0 1370115053.0 1.0 1.0 0.0
934424.0 934436.0 1370115227.0 2977.0 0.0 0.0
934532.0 934544.0 1370115335.0 1.0 1.0 0.0
934676.0 934694.0 1370115479.0 2973.0 0.0 0.0
983840.0 983853.0 1370164643.0 1.0 1.0 0.0
984039.0 984051.0 1370164842.0 2975.0 0.0 0.0
987968.0 988003.0 1370168771.0 1.0 1.0 0.0
988191.0 988214.0 1370168994.0 2937.0 0.0 0.0
994950.0 994957.0 1370175753.0 1.0 1.0 0.0
995137.0 995155.0 1370175940.0 3041.0 0.0 0.0
996082.0 996094.0 1370176885.0 1.0 1.0 0.0
996269.0 996275.0 1370177072.0 3038.0 0.0 0.0
997234.0 997240.0 1370178037.0 1.0 1.0 0.0
998341.0 998347.0 1370179144.0 1.0 1.0 0.0
1015098.0 1015104.0 1370195901.0 1.0 1.0 0.0
1015273.0 1015290.0 1370196076.0 2965.33333333 0.0 0.0
1064731.0 1064737.0 1370245534.0 1.0 1.0 0.0
1064918.0 1064935.0 1370245721.0 2961.33333333 0.0 0.0
1073148.0 1073159.0 1370253951.0 1.0 1.0 0.0
1073341.0 1073352.0 1370254144.0 3037.66666667 0.0 0.0
1089298.0 1089310.0 1370270101.0 1.0 1.0 0.0
1089478.0 1089490.0 1370270281.0 2939.0 0.0 0.0
1090503.0 1090510.0 1370271306.0 1.0 1.0 0.0
1090720.0 1090726.0 1370271523.0 2948.0 0.0 0.0
1097403.0 1097415.0 1370278206.0 1.0 1.0 0.0
1097554.0 1097595.0 1370278357.0 2914.0 0.0 0.0
1108446.0 1108453.0 1370289249.0 1.0 1.0 0.0
1108628.0 1108639.0 1370289431.0 2943.33333333 0.0 0.0
1148287.0 1148305.0 1370329090.0 1.0 1.0 0.0
1148533.0 1148539.0 1370329336.0 2920.0 0.0 0.0
1148662.0 1148673.0 1370329465.0 1.0 1.0 0.0
1193759.0 1193765.0 1370374562.0 1.0 1.0 0.0
1193945.0 1193951.0 1370374748.0 3013.0 0.0 0.0
1196668.0 1196679.0 1370377471.0 1.0 1.0 0.0
1196866.0 1196872.0 1370377669.0 3901.0 0.0 0.0
1204448.0 1204454.0 1370385251.0 1.0 1.0 0.0
1204593.0 1204604.0 1370385396.0 3031.33333333 0.0 0.0
1272836.0 1272849.0 1370453639.0 1.0 1.0 0.0
1273011.0 1273047.0 1370453814.0 2942.0 0.0 0.0
1273198.0 1273210.0 1370454001.0 1.0 1.0 0.0
1273384.0 1273390.0 1370454187.0 2900.0 0.0 0.0
1279994.0 1280007.0 1370460797.0 1.0 1.0 0.0
1280157.0 1280169.0 1370460960.0 2980.0 0.0 0.0
1286402.0 1286414.0 1370467205.0 1.0 1.0 0.0
1286535.0 1286541.0 1370467338.0 3025.0 0.0 0.0
1324268.0 1324280.0 1370505071.0 1.0 1.0 0.0
1324508.0 1324514.0 1370505311.0 2929.0 0.0 0.0
1361057.0 1361075.0 1370541860.0 1.0 1.0 0.0
1361243.0 1361249.0 1370542046.0 3023.0 0.0 0.0
1362766.0 1362777.0 1370543569.0 1.0 1.0 0.0
1365600.0 1365606.0 1370546403.0 1.0 1.0 0.0
1365787.0 1365804.0 1370546590.0 2898.83333333 0.0 0.0
1366159.0 1366170.0 1370546962.0 1.0 1.0 0.0
1366327.0 1366333.0 1370547130.0 2962.0 0.0 0.0
1413388.0 1413406.0 1370594191.0 1.0 1.0 0.0
1413610.0 1413616.0 1370594413.0 3009.0 0.0 0.0
1442946.0 1442958.0 1370623749.0 1.0 1.0 0.0
1443120.0 1443132.0 1370623923.0 2945.0 0.0 0.0
1445158.0 1445164.0 1370625961.0 1.0 1.0 0.0
1445320.0 1445326.0 1370626123.0 2948.0 0.0 0.0
1447434.0 1447440.0 1370628237.0 1.0 1.0 0.0
1447626.0 1447632.0 1370628429.0 2894.0 0.0 0.0
1495530.0 1495536.0 1370676333.0 1.0 1.0 0.0
1495734.0 1495740.0 1370676537.0 2946.0 0.0 0.0
1511300.0 1511307.0 1370692103.0 1.0 1.0 0.0
1511469.0 1511475.0 1370692272.0 2907.0 0.0 0.0
1537624.0 1537636.0 1370718427.0 1.0 1.0 0.0
1537822.0 1537828.0 1370718625.0 2908.0 0.0 0.0
1586911.0 1586929.0 1370767714.0 1.0 1.0 0.0
1587099.0 1587110.0 1370767902.0 2983.83333333 0.0 0.0
1593107.0 1593114.0 1370773910.0 363.0 1.0 0.0
1593282.0 1593305.0 1370774085.0 3621.0 0.0 0.0
1612820.0 1612832.0 1370793623.0 1.0 1.0 0.0
1613020.0 1613037.0 1370793823.0 2903.33333333 0.0 0.0
1613552.0 1613558.0 1370794355.0 1.0 1.0 0.0
1613720.0 1613726.0 1370794523.0 3943.0 0.0 0.0
1618909.0 1618921.0 1370799712.0 1.0 1.0 0.0
1619107.0 1619113.0 1370799910.0 3009.0 0.0 0.0
1619761.0 1619767.0 1370800564.0 1.0 1.0 0.0
1702707.0 1702713.0 1370883510.0 1.0 1.0 0.0
1702869.0 1702875.0 1370883672.0 2912.0 0.0 0.0
1706323.0 1706337.0 1370887126.0 1.0 1.0 0.0
1708364.0 1708376.0 1370889167.0 1.0 1.0 0.0
1713417.0 1713423.0 1370894220.0 1.0 1.0 0.0
1713573.0 1713585.0 1370894376.0 2927.0 0.0 0.0
1715929.0 1715941.0 1370896732.0 1.0 1.0 0.0
1716121.0 1716133.0 1370896924.0 2944.0 0.0 0.0
1761247.0 1761253.0 1370942050.0 1.0 1.0 0.0
1761453.0 1761470.0 1370942256.0 3035.0 0.0 0.0
1792507.0 1792536.0 1370973310.0 1.0 1.0 0.0
1792669.0 1792681.0 1370973472.0 3046.0 0.0 0.0
1796355.0 1796367.0 1370977158.0 1.0 1.0 0.0
1796547.0 1796553.0 1370977350.0 2988.0 0.0 0.0
1803199.0 1803211.0 1370984002.0 1.0 1.0 0.0
1803805.0 1803835.0 1370984608.0 1.0 1.0 0.0
1803956.0 1803962.0 1370984759.0 2972.0 0.0 0.0
1841837.0 1841844.0 1371022640.0 1.0 1.0 0.0
1842012.0 1842024.0 1371022815.0 2980.0 0.0 0.0
1842589.0 1842595.0 1371023392.0 1.0 1.0 0.0
1842770.0 1842781.0 1371023573.0 2983.33333333 0.0 0.0
1847675.0 1847700.0 1371028478.0 1.0 1.0 0.0
1847826.0 1847838.0 1371028629.0 3033.0 0.0 0.0
1852062.0 1852084.0 1371032865.0 446.5 1.0 0.0
1852223.0 1852229.0 1371033026.0 2996.0 0.0 0.0
1865087.0 1865105.0 1371045890.0 1.0 1.0 0.0
1865286.0 1865292.0 1371046089.0 3006.0 0.0 0.0
1865421.0 1865427.0 1371046224.0 1.0 1.0 0.0
1870722.0 1870728.0 1371051525.0 1.0 1.0 0.0
1870884.0 1870890.0 1371051687.0 3041.0 0.0 0.0
1881064.0 1881070.0 1371061867.0 1.0 1.0 0.0
1881256.0 1881262.0 1371062059.0 2848.0 0.0 0.0
1883122.0 1883135.0 1371063925.0 1.0 1.0 0.0
1883286.0 1883297.0 1371064089.0 2997.66666667 0.0 0.0
1938154.0 1938173.0 1371118957.0 1.0 1.0 0.0
1938515.0 1938528.0 1371119318.0 1.0 1.0 0.0
1958725.0 1958732.0 1371139528.0 1.0 1.0 0.0
1958924.0 1958942.0 1371139727.0 2974.0 0.0 0.0
1964615.0 1964626.0 1371145418.0 0.166666666667 1.0 0.0
1964813.0 1964819.0 1371145616.0 2971.0 0.0 0.0
1971002.0 1971013.0 1371151805.0 0.166666666667 1.0 0.0
1971193.0 1971199.0 1371151996.0 2957.0 0.0 0.0
1974291.0 1974299.0 1371155094.0 1.0 1.0 0.0
1974466.0 1974472.0 1371155269.0 3020.0 0.0 0.0
2013519.0 2013530.0 1371194322.0 488.5 1.0 0.0
2015578.0 2015584.0 1371196381.0 1.0 1.0 0.0
2049006.0 2049014.0 1371229809.0 1.0 1.0 0.0
2049192.0 2049210.0 1371229995.0 3045.0 0.0 0.0
2049969.0 2049981.0 1371230772.0 1.0 1.0 0.0
2050114.0 2050137.0 1371230917.0 2953.5 0.0 0.0
2054665.0 2054683.0 1371235468.0 1.0 1.0 0.0
2054817.0 2054852.0 1371235620.0 2885.83333333 0.0 0.0
2101516.0 2101534.0 1371282319.0 1.0 1.0 0.0
2101721.0 2101727.0 1371282524.0 3030.0 0.0 0.0
2109462.0 2109468.0 1371290265.0 1.0 1.0 0.0
2109630.0 2109642.0 1371290433.0 3048.0 0.0 0.0
2109955.0 2109968.0 1371290758.0 1.0 1.0 0.0
2110377.0 2110384.0 1371291180.0 1.0 1.0 0.0
2113914.0 2113931.0 1371294717.0 1.0 1.0 0.0
2119383.0 2119390.0 1371300186.0 1.0 1.0 0.0
2119564.0 2119576.0 1371300367.0 2905.0 0.0 0.0
2140973.0 2140986.0 1371321776.0 1.0 1.0 0.0
2141154.0 2141172.0 1371321957.0 2976.0 0.0 0.0
2145842.0 2145859.0 1371326645.0 1.0 1.0 0.0
2150716.0 2150722.0 1371331519.0 1.0 1.0 0.0
2150866.0 2150872.0 1371331669.0 3004.0 0.0 0.0
2199432.0 2199438.0 1371380235.0 1.0 1.0 0.0
2199672.0 2199678.0 1371380475.0 2793.0 0.0 0.0
2200960.0 2200968.0 1371381763.0 1.0 1.0 0.0
2219031.0 2219049.0 1371399834.0 1.0 1.0 0.0
2219235.0 2219241.0 1371400038.0 3027.0 0.0 0.0
2281807.0 2281818.0 1371462610.0 0.166666666667 1.0 0.0
2282028.0 2282046.0 1371462831.0 2964.0 0.0 0.0
2283273.0 2283279.0 1371464076.0 1.0 1.0 0.0
2309565.0 2309582.0 1371490368.0 1.0 1.0 0.0
2309703.0 2309721.0 1371490506.0 2951.0 0.0 0.0
2310411.0 2310424.0 1371491214.0 1.0 1.0 0.0
2538506.0 2538519.0 1371719309.0 1.0 1.0 0.0
2538705.0 2538711.0 1371719508.0 2969.0 0.0 0.0
2572194.0 2572218.0 1371752997.0 1.0 1.0 0.0
2572404.0 2572410.0 1371753207.0 2979.0 0.0 0.0
2640889.0 2640896.0 1371821692.0 1.0 1.0 0.0
2641070.0 2641082.0 1371821873.0 2989.0 0.0 0.0
2641289.0 2641300.0 1371822092.0 1.0 1.0 0.0
2641865.0 2641877.0 1371822668.0 1.0 1.0 0.0
2651217.0 2651231.0 1371832020.0 1.0 1.0 0.0
2651403.0 2651409.0 1371832206.0 2974.0 0.0 0.0
2662445.0 2662451.0 1371843248.0 1.0 1.0 0.0
2662613.0 2662625.0 1371843416.0 2944.0 0.0 0.0
2708182.0 2708195.0 1371888985.0 1.0 1.0 0.0
2708369.0 2708375.0 1371889172.0 2906.0 0.0 0.0
2719468.0 2719475.0 1371900271.0 1.0 1.0 0.0
2719661.0 2719667.0 1371900464.0 2985.0 0.0 0.0
2722531.0 2722549.0 1371903334.0 1.0 1.0 0.0
2722670.0 2722682.0 1371903473.0 2900.0 0.0 0.0
2752335.0 2752347.0 1371933138.0 1.0 1.0 0.0
2752485.0 2752497.0 1371933288.0 2988.0 0.0 0.0
2795619.0 2795630.0 1371976422.0 1.0 1.0 0.0
2795805.0 2795811.0 1371976608.0 2871.0 0.0 0.0
2832178.0 2832191.0 1372012981.0 1.0 1.0 0.0
2832348.0 2832359.0 1372013151.0 2994.0 0.0 0.0
2840887.0 2840898.0 1372021690.0 97.8333333333 1.0 0.0
2841042.0 2841048.0 1372021845.0 3002.0 0.0 0.0
2883039.0 2883050.0 1372063842.0 1.0 1.0 0.0
2895291.0 2895298.0 1372076094.0 1.0 1.0 0.0
2915822.0 2915839.0 1372096625.0 1.0 1.0 0.0
2916032.0 2916038.0 1372096835.0 2969.0 0.0 0.0
2916450.0 2916462.0 1372097253.0 1.0 1.0 0.0
2916583.0 2916588.0 1372097386.0 2533.33333333 0.0 0.0
2921208.0 2921214.0 1372102011.0 1.0 1.0 0.0
2921388.0 2921394.0 1372102191.0 2961.0 0.0 0.0
2976875.0 2976892.0 1372157678.0 1.0 1.0 0.0
2977909.0 2977916.0 1372158712.0 1.0 1.0 0.0
2988461.0 2988467.0 1372169264.0 1.0 1.0 0.0
2989045.0 2989051.0 1372169848.0 1.0 1.0 0.0
2999128.0 2999145.0 1372179931.0 0.166666666667 1.0 0.0
2999326.0 2999332.0 1372180129.0 2936.0 0.0 0.0
3011100.0 3011106.0 1372191903.0 1.0 1.0 0.0
3011227.0 3011250.0 1372192030.0 2978.83333333 0.0 0.0
3084939.0 3084951.0 1372265742.0 1.0 1.0 0.0
3085132.0 3085144.0 1372265935.0 2992.0 0.0 0.0
3172503.0 3172515.0 1372353306.0 1.0 1.0 0.0
3172689.0 3172701.0 1372353492.0 2948.0 0.0 0.0
3271921.0 3271929.0 1372452724.0 1.0 1.0 0.0
3272095.0 3272107.0 1372452898.0 2996.0 0.0 0.0
3312443.0 3312456.0 1372493246.0 1.0 1.0 0.0
3312647.0 3312653.0 1372493450.0 3004.0 0.0 0.0
3320302.0 3320314.0 1372501105.0 1.0 1.0 0.0
3320482.0 3320500.0 1372501285.0 2939.0 0.0 0.0
3330023.0 3330031.0 1372510826.0 1.0 1.0 0.0
3330157.0 3330174.0 1372510960.0 2966.33333333 0.0 0.0
3346625.0 3346638.0 1372527428.0 1.0 1.0 0.0
3346765.0 3346776.0 1372527568.0 2970.0 0.0 0.0
3360463.0 3360476.0 1372541266.0 1.0 1.0 0.0
3360602.0 3360619.0 1372541405.0 3044.83333333 0.0 0.0
3401181.0 3401193.0 1372581984.0 1.0 1.0 0.0
3401356.0 3401373.0 1372582159.0 2992.5 0.0 0.0
3426645.0 3426658.0 1372607448.0 1.0 1.0 0.0
3426797.0 3426820.0 1372607600.0 2954.16666667 0.0 0.0
3432182.0 3432190.0 1372612985.0 1.0 1.0 0.0
3432351.0 3432357.0 1372613154.0 2980.0 0.0 0.0
3444194.0 3444206.0 1372624997.0 1.0 1.0 0.0
3444327.0 3444332.0 1372625130.0 2406.66666667 0.0 0.0
3485089.0 3485106.0 1372665892.0 1.0 1.0 0.0
3485287.0 3485293.0 1372666090.0 3010.0 0.0 0.0
3511398.0 3511410.0 1372692201.0 1.0 1.0 0.0
3515957.0 3515970.0 1372696760.0 1.0 1.0 0.0
3516151.0 3516162.0 1372696954.0 2946.33333333 0.0 0.0
3532099.0 3532116.0 1372712902.0 1.0 1.0 0.0
3532237.0 3532243.0 1372713040.0 2998.0 0.0 0.0
3578550.0 3578563.0 1372759353.0 1.0 1.0 0.0
3604672.0 3604689.0 1372785475.0 1.0 1.0 0.0
3620094.0 3620101.0 1372800897.0 1.0 1.0 0.0
3620299.0 3620311.0 1372801102.0 2986.0 0.0 0.0
3654376.0 3654383.0 1372835179.0 1.0 1.0 0.0
3654563.0 3654575.0 1372835366.0 2954.0 0.0 0.0
3664997.0 3665003.0 1372845800.0 1.0 1.0 0.0
3665159.0 3665171.0 1372845962.0 3016.0 0.0 0.0
3690166.0 3690172.0 1372870969.0 1.0 1.0 0.0
3690346.0 3690352.0 1372871149.0 2919.0 0.0 0.0
3691534.0 3691540.0 1372872337.0 1.0 1.0 0.0
3700909.0 3700915.0 1372881712.0 1.0 1.0 0.0
3701071.0 3701083.0 1372881874.0 2936.0 0.0 0.0
3776103.0 3776115.0 1372956906.0 1.0 1.0 0.0
3776313.0 3776319.0 1372957116.0 2950.0 0.0 0.0
3777447.0 3777454.0 1372958250.0 1.0 1.0 0.0
3787232.0 3787256.0 1372968035.0 1.0 1.0 0.0
3787400.0 3787418.0 1372968203.0 2957.0 0.0 0.0
3827253.0 3827264.0 1373008056.0 1.0 1.0 0.0
3827427.0 3827439.0 1373008230.0 2974.0 0.0 0.0
3837232.0 3837239.0 1373018035.0 1.0 1.0 0.0
3837419.0 3837437.0 1373018222.0 2942.0 0.0 0.0
3860964.0 3860970.0 1373041767.0 1.0 1.0 0.0
3861114.0 3861120.0 1373041917.0 3004.0 0.0 0.0
3872363.0 3872369.0 1373053166.0 1.0 1.0 0.0
3872531.0 3872537.0 1373053334.0 2996.0 0.0 0.0
3918800.0 3918806.0 1373099603.0 1.0 1.0 0.0
3918986.0 3918998.0 1373099789.0 2969.0 0.0 0.0
3942945.0 3942957.0 1373123748.0 1.0 1.0 0.0
3943143.0 3943149.0 1373123946.0 2961.0 0.0 0.0
3947513.0 3947521.0 1373128316.0 1.0 1.0 0.0
3947688.0 3947700.0 1373128491.0 2900.0 0.0 0.0
4001075.0 4001081.0 1373181878.0 1.0 1.0 0.0
4001255.0 4001273.0 1373182058.0 2948.0 0.0 0.0
4001647.0 4001660.0 1373182450.0 1.0 1.0 0.0
4001786.0 4001792.0 1373182589.0 2943.0 0.0 0.0
4002305.0 4002317.0 1373183108.0 1.0 1.0 0.0
4002443.0 4002449.0 1373183246.0 2842.0 0.0 0.0
4021266.0 4021277.0 1373202069.0 1.0 1.0 0.0
4021434.0 4021440.0 1373202237.0 2906.0 0.0 0.0
4030253.0 4030271.0 1373211056.0 1.0 1.0 0.0
4030415.0 4030429.0 1373211218.0 2961.0 0.0 0.0
4050007.0 4050025.0 1373230810.0 1.0 1.0 0.0
4050182.0 4050201.0 1373230985.0 2954.0 0.0 0.0
4126427.0 4126440.0 1373307230.0 1.0 1.0 0.0
4126615.0 4126627.0 1373307418.0 2995.5 0.0 0.0
4130934.0 4130940.0 1373311737.0 1.0 1.0 0.0
4131091.0 4131097.0 1373311894.0 2922.0 0.0 0.0
4135915.0 4135921.0 1373316718.0 1.0 1.0 0.0
4136085.0 4136098.0 1373316888.0 2969.66666667 0.0 0.0
4209814.0 4209826.0 1373390617.0 1.0 1.0 0.0
4209994.0 4210006.0 1373390797.0 3014.0 0.0 0.0
4213720.0 4213732.0 1373394523.0 1.0 1.0 0.0
4213906.0 4213912.0 1373394709.0 2924.0 0.0 0.0
4219872.0 4219879.0 1373400675.0 1.0 1.0 0.0
4220035.0 4220041.0 1373400838.0 2952.0 0.0 0.0
4296899.0 4296905.0 1373477702.0 1.0 1.0 0.0
4297043.0 4297074.0 1373477846.0 2929.0 0.0 0.0
4309374.0 4309382.0 1373490177.0 1.0 1.0 0.0
4309503.0 4309507.0 1373490306.0 1690.28571429 0.0 0.0
4382702.0 4382708.0 1373563505.0 1.0 1.0 0.0
4382876.0 4382882.0 1373563679.0 2985.0 0.0 0.0
4389297.0 4389303.0 1373570100.0 1.0 1.0 0.0
4389460.0 4389477.0 1373570263.0 2963.66666667 0.0 0.0
4433835.0 4433841.0 1373614638.0 1.0 1.0 0.0
4465901.0 4465907.0 1373646704.0 1.0 1.0 0.0
4466064.0 4466081.0 1373646867.0 3012.66666667 0.0 0.0
4480744.0 4480751.0 1373661547.0 1.0 1.0 0.0
4480895.0 4480907.0 1373661698.0 2957.0 0.0 0.0
4527086.0 4527098.0 1373707889.0 1.0 1.0 0.0
4527278.0 4527284.0 1373708081.0 3000.0 0.0 0.0
4559295.0 4559301.0 1373740098.0 1.0 1.0 0.0
4559459.0 4559472.0 1373740262.0 2950.83333333 0.0 0.0
4564585.0 4564592.0 1373745388.0 1.0 1.0 0.0
4564731.0 4564743.0 1373745534.0 3001.0 0.0 0.0
4623161.0 4623167.0 1373803964.0 1.0 1.0 0.0
4623341.0 4623347.0 1373804144.0 3948.0 0.0 0.0
4626415.0 4626433.0 1373807218.0 1.0 1.0 0.0
4626604.0 4626609.0 1373807407.0 2936.0 0.0 0.0
4626717.0 4626729.0 1373807520.0 1.0 1.0 0.0
4633186.0 4633192.0 1373813989.0 1.0 1.0 0.0
4633372.0 4633378.0 1373814175.0 2967.0 0.0 0.0
4643902.0 4643915.0 1373824705.0 1.0 1.0 0.0
4644083.0 4644090.0 1373824886.0 2994.0 0.0 0.0
4660798.0 4660834.0 1373841601.0 1.0 1.0 0.0
4733187.0 4733199.0 1373913990.0 1.0 1.0 0.0
4733364.0 4733369.0 1373914167.0 2905.0 0.0 0.0
4814000.0 4814006.0 1373994803.0 1.0 1.0 0.0
4814170.0 4814187.0 1373994973.0 2839.0 0.0 0.0
4821890.0 4821902.0 1374002693.0 1.0 1.0 0.0
4822065.0 4822083.0 1374002868.0 2974.0 0.0 0.0
4887997.0 4888015.0 1374068800.0 1.0 1.0 0.0
4888264.0 4888268.0 1374069067.0 1.0 1.0 0.0
4905859.0 4905865.0 1374086662.0 1.0 1.0 0.0
4906009.0 4906022.0 1374086812.0 3016.0 0.0 0.0
4907782.0 4907793.0 1374088585.0 1.0 1.0 0.0
4909876.0 4909884.0 1374090679.0 1.0 1.0 0.0
4910026.0 4910045.0 1374090829.0 2942.0 0.0 0.0
4949649.0 4949655.0 1374130452.0 1.0 1.0 0.0
4949829.0 4949835.0 1374130632.0 2942.0 0.0 0.0
4966829.0 4966836.0 1374147632.0 1.0 1.0 0.0
4966986.0 4966992.0 1374147789.0 3040.0 0.0 0.0
4980122.0 4980128.0 1374160925.0 1.0 1.0 0.0
4980309.0 4980320.0 1374161112.0 2937.375 0.0 0.0
4983092.0 4983109.0 1374163895.0 1.0 1.0 0.0
4983244.0 4983261.0 1374164047.0 3017.33333333 0.0 0.0
4989186.0 4989191.0 1374169989.0 1.0 1.0 0.0
4990146.0 4990158.0 1374170949.0 1.0 1.0 0.0
5041754.0 5041760.0 1374222557.0 1.0 1.0 0.0
5041942.0 5041948.0 1374222745.0 2945.0 0.0 0.0
5063647.0 5063654.0 1374244450.0 1.0 1.0 0.0
5063805.0 5063811.0 1374244608.0 2963.0 0.0 0.0
5087063.0 5087071.0 1374267866.0 1.0 1.0 0.0
5087249.0 5087255.0 1374268052.0 2950.0 0.0 0.0
5123757.0 5123786.0 1374304560.0 1.0 1.0 0.0
5123931.0 5123943.0 1374304734.0 2957.0 0.0 0.0
5136220.0 5136228.0 1374317023.0 1.0 1.0 0.0
5136385.0 5136390.0 1374317188.0 2962.0 0.0 0.0
5165762.0 5165773.0 1374346565.0 1.0 1.0 0.0
5165931.0 5165948.0 1374346734.0 2978.16666667 0.0 0.0
5216501.0 5216519.0 1374397304.0 1.0 1.0 0.0
5216688.0 5216694.0 1374397491.0 2944.0 0.0 0.0
5216996.0 5217004.0 1374397799.0 1.0 1.0 0.0
5217130.0 5217155.0 1374397933.0 3000.66666667 0.0 0.0
5221738.0 5221746.0 1374402541.0 1.0 1.0 0.0
5221991.0 5221999.0 1374402794.0 1.0 1.0 0.0
5222172.0 5222178.0 1374402975.0 2954.0 0.0 0.0
5246901.0 5246909.0 1374427704.0 1.0 1.0 0.0
5247033.0 5247039.0 1374427836.0 2985.0 0.0 0.0
5257599.0 5257612.0 1374438402.0 1.0 1.0 0.0
5257751.0 5257759.0 1374438554.0 2914.0 0.0 0.0
5332815.0 5332823.0 1374513618.0 1.0 1.0 0.0
5332979.0 5332991.0 1374513782.0 2864.25 0.0 0.0
5333771.0 5333777.0 1374514574.0 1.0 1.0 0.0
5333928.0 5333934.0 1374514731.0 2968.0 0.0 0.0
5386009.0 5386027.0 1374566812.0 1.0 1.0 0.0
5386185.0 5386197.0 1374566988.0 3023.0 0.0 0.0
5399430.0 5399437.0 1374580233.0 1.0 1.0 0.0
5399576.0 5399594.0 1374580379.0 3040.0 0.0 0.0
5413548.0 5413560.0 1374594351.0 1.0 1.0 0.0
5413719.0 5413724.0 1374594522.0 3045.0 0.0 0.0
5429384.0 5429391.0 1374610187.0 1.0 1.0 0.0
5429535.0 5429553.0 1374610338.0 2942.0 0.0 0.0
5510599.0 5510610.0 1374691402.0 111.333333333 1.0 0.0
5510791.0 5510797.0 1374691594.0 2957.0 0.0 0.0
5566032.0 5566044.0 1374746835.0 1.0 1.0 0.0
5576691.0 5576703.0 1374757494.0 1.0 1.0 0.0
5594626.0 5594631.0 1374775429.0 1.0 1.0 0.0
5594799.0 5594805.0 1374775602.0 3021.0 0.0 0.0
5679679.0 5679696.0 1374860482.0 1.0 1.0 0.0
5679850.0 5679854.0 1374860653.0 3018.0 0.0 0.0
5687716.0 5687729.0 1374868519.0 1.0 1.0 0.0
5687898.0 5687911.0 1374868701.0 2893.0 0.0 0.0
5740342.0 5740355.0 1374921145.0 1.0 1.0 0.0
5740743.0 5740751.0 1374921546.0 1.0 1.0 0.0
5743940.0 5743947.0 1374924743.0 1.0 1.0 0.0
5744103.0 5744109.0 1374924906.0 2932.0 0.0 0.0
5745034.0 5745040.0 1374925837.0 1.0 1.0 0.0
5745178.0 5745190.0 1374925981.0 2913.0 0.0 0.0
5759610.0 5759629.0 1374940413.0 1.0 1.0 0.0
5759792.0 5759798.0 1374940595.0 2951.0 0.0 0.0
5768184.0 5768190.0 1374948987.0 1.0 1.0 0.0
5768352.0 5768358.0 1374949155.0 2919.0 0.0 0.0
5772036.0 5772042.0 1374952839.0 1.0 1.0 0.0
5818039.0 5818045.0 1374998842.0 1.0 1.0 0.0
5818225.0 5818237.0 1374999028.0 2907.0 0.0 0.0
5822368.0 5822379.0 1375003171.0 1.0 1.0 0.0
5827787.0 5827799.0 1375008590.0 0.142857142857 1.0 0.0
5834935.0 5834941.0 1375015738.0 1.0 1.0 0.0
5835103.0 5835109.0 1375015906.0 2914.0 0.0 0.0
5837711.0 5837719.0 1375018514.0 1.0 1.0 0.0
5841287.0 5841300.0 1375022090.0 1.0 1.0 0.0
5841445.0 5841456.0 1375022248.0 2968.33333333 0.0 0.0
5846126.0 5846132.0 1375026929.0 1.0 1.0 0.0
5864598.0 5864610.0 1375045401.0 1.0 1.0 0.0
5864742.0 5864754.0 1375045545.0 2958.0 0.0 0.0
5908395.0 5908408.0 1375089198.0 1.0 1.0 0.0
5935144.0 5935156.0 1375115947.0 1.0 1.0 0.0
5936371.0 5936379.0 1375117174.0 1.0 1.0 0.0
5936523.0 5936534.0 1375117326.0 2919.0 0.0 0.0
5937812.0 5937824.0 1375118615.0 1.0 1.0 0.0
5937956.0 5937962.0 1375118759.0 2992.0 0.0 0.0
5943300.0 5943306.0 1375124103.0 1.0 1.0 0.0
5943469.0 5943486.0 1375124272.0 2999.66666667 0.0 0.0
5949243.0 5949251.0 1375130046.0 1.0 1.0 0.0
5949406.0 5949418.0 1375130209.0 2954.0 0.0 0.0
5985814.0 5985820.0 1375166617.0 1.0 1.0 0.0
5997526.0 5997532.0 1375178329.0 1.0 1.0 0.0
5997902.0 5997926.0 1375178705.0 1.0 1.0 0.0
6026045.0 6026063.0 1375206848.0 1.0 1.0 0.0
6026202.0 6026231.0 1375207005.0 2958.33333333 0.0 0.0
6028481.0 6028494.0 1375209284.0 1.0 1.0 0.0
6028644.0 6028650.0 1375209447.0 2876.0 0.0 0.0
6033905.0 6033911.0 1375214708.0 1.0 1.0 0.0
6034049.0 6034055.0 1375214852.0 2924.0 0.0 0.0
6069214.0 6069220.0 1375250017.0 1.0 1.0 0.0
6072834.0 6072851.0 1375253637.0 0.166666666667 1.0 0.0
6073031.0 6073037.0 1375253834.0 2961.0 0.0 0.0
6079097.0 6079110.0 1375259900.0 1.0 1.0 0.0
6079261.0 6079284.0 1375260064.0 2962.66666667 0.0 0.0
6088869.0 6088875.0 1375269672.0 1.0 1.0 0.0
6089037.0 6089043.0 1375269840.0 2982.0 0.0 0.0
6103866.0 6103872.0 1375284669.0 1.0 1.0 0.0
6115442.0 6115450.0 1375296245.0 1.0 1.0 0.0
6117031.0 6117037.0 1375297834.0 1.0 1.0 0.0
6117205.0 6117211.0 1375298008.0 2915.0 0.0 0.0
6156970.0 6156976.0 1375337773.0 1.0 1.0 0.0
6164784.0 6164796.0 1375345587.0 1.0 1.0 0.0
6164952.0 6164964.0 1375345755.0 2931.0 0.0 0.0
6178195.0 6178201.0 1375358998.0 1.0 1.0 0.0
6178364.0 6178370.0 1375359167.0 2906.0 0.0 0.0
6186305.0 6186311.0 1375367108.0 1.0 1.0 0.0
6186467.0 6186479.0 1375367270.0 2996.0 0.0 0.0
6198156.0 6198162.0 1375378959.0 1.0 1.0 0.0
6198313.0 6198320.0 1375379116.0 2937.0 0.0 0.0
6243639.0 6243645.0 1375424442.0 1.0 1.0 0.0
6248694.0 6248700.0 1375429497.0 1.0 1.0 0.0
6248881.0 6248889.0 1375429684.0 2922.0 0.0 0.0
6249025.0 6249033.0 1375429828.0 1.0 1.0 0.0
6249196.0 6249201.0 1375429999.0 2862.0 0.0 0.0
6267086.0 6267092.0 1375447889.0 1.0 1.0 0.0
6267250.0 6267262.0 1375448053.0 3034.75 0.0 0.0
6295376.0 6295382.0 1375476179.0 1.0 1.0 0.0
6295544.0 6295550.0 1375476347.0 2971.0 0.0 0.0
6335387.0 6335399.0 1375516190.0 1.0 1.0 0.0
6335582.0 6335587.0 1375516385.0 2923.0 0.0 0.0
6335748.0 6335761.0 1375516551.0 1.0 1.0 0.0
6345440.0 6345458.0 1375526243.0 1.0 1.0 0.0
6345605.0 6345616.0 1375526408.0 2905.66666667 0.0 0.0
6351021.0 6351033.0 1375531824.0 1.0 1.0 0.0
6351219.0 6351231.0 1375532022.0 2933.0 0.0 0.0
6354416.0 6354428.0 1375535219.0 1.0 1.0 0.0
6354597.0 6354610.0 1375535400.0 3034.0 0.0 0.0
6368179.0 6368190.0 1375548982.0 1.0 1.0 0.0
6368832.0 6368838.0 1375549635.0 1.0 1.0 0.0
6382183.0 6382196.0 1375562986.0 1.0 1.0 0.0
6382352.0 6382366.0 1375563155.0 2979.0 0.0 0.0
6424547.0 6424558.0 1375605350.0 1.0 1.0 0.0
6427147.0 6427155.0 1375607950.0 1.0 1.0 0.0
6427317.0 6427328.0 1375608120.0 2993.0 0.0 0.0
6436260.0 6436265.0 1375617063.0 490.333333333 1.0 0.0
6436496.0 6436504.0 1375617299.0 1.0 1.0 0.0
6440763.0 6440771.0 1375621566.0 1.0 1.0 0.0
6440926.0 6440932.0 1375621729.0 2945.0 0.0 0.0
6441357.0 6441368.0 1375622160.0 1.0 1.0 0.0
6441513.0 6441519.0 1375622316.0 3008.0 0.0 0.0
6441828.0 6441840.0 1375622631.0 1.0 1.0 0.0
6458832.0 6458840.0 1375639635.0 1.0 1.0 0.0
6458995.0 6459007.0 1375639798.0 2858.0 0.0 0.0
6466484.0 6466490.0 1375647287.0 1.0 1.0 0.0
6466611.0 6466623.0 1375647414.0 2893.42857143 0.0 0.0
6503835.0 6503841.0 1375684638.0 1.0 1.0 0.0
6503962.0 6591260.0 1375684765.0 2928.18340162 0.0 0.0
6597367.0 6597373.0 1375778170.0 1.0 1.0 0.0
9566795.0 9566801.0 1378747598.0 1.0 1.0 0.0
9566951.0 9566963.0 1378747754.0 3003.0 0.0 0.0
9567892.0 9567903.0 1378748695.0 1.0 1.0 0.0
9568036.0 9568048.0 1378748839.0 2995.0 0.0 0.0
9728217.0 9728222.0 1378909020.0 1.0 1.0 0.0
9728402.0 9728408.0 1378909205.0 2957.0 0.0 0.0
9736415.0 9736433.0 1378917218.0 1.0 1.0 0.0
9736578.0 9736589.0 1378917381.0 2982.16666667 0.0 0.0
9740715.0 9740721.0 1378921518.0 1.0 1.0 0.0
9740878.0 9740895.0 1378921681.0 2997.5 0.0 0.0
9745944.0 9745956.0 1378926747.0 1.0 1.0 0.0
9746651.0 9746657.0 1378927454.0 1.0 1.0 0.0
9746796.0 9746813.0 1378927599.0 3033.33333333 0.0 0.0
9750959.0 9750965.0 1378931762.0 1.0 1.0 0.0
9751151.0 9751157.0 1378931954.0 2994.0 0.0 0.0
9754571.0 9754578.0 1378935374.0 1.0 1.0 0.0
9782843.0 9782856.0 1378963646.0 1.0 1.0 0.0
9782977.0 9782982.0 1378963780.0 2535.0 0.0 0.0
9823278.0 9823297.0 1379004081.0 1.0 1.0 0.0
9823903.0 9823909.0 1379004706.0 1.0 1.0 0.0
9824059.0 9824071.0 1379004862.0 3066.0 0.0 0.0
9824501.0 9824508.0 1379005304.0 1.0 1.0 0.0
9824646.0 9824652.0 1379005449.0 3005.0 0.0 0.0
9828696.0 9828702.0 1379009499.0 1.0 1.0 0.0
9828870.0 9828882.0 1379009673.0 2968.0 0.0 0.0
9832787.0 9832800.0 1379013590.0 1.0 1.0 0.0
9832951.0 9832962.0 1379013754.0 3023.66666667 0.0 0.0
9841939.0 9841945.0 1379022742.0 1.0 1.0 0.0
9842114.0 9842132.0 1379022917.0 3042.0 0.0 0.0
9876137.0 9876150.0 1379056940.0 1.0 1.0 0.0
9878618.0 9878630.0 1379059421.0 1.0 1.0 0.0
9878822.0 9878828.0 1379059625.0 2968.0 0.0 0.0
9888770.0 9888776.0 1379069573.0 1.0 1.0 0.0
9888963.0 9888974.0 1379069766.0 3012.33333333 0.0 0.0
9893319.0 9893327.0 1379074122.0 1.0 1.0 0.0
9893495.0 9893506.0 1379074298.0 3060.33333333 0.0 0.0
9912123.0 9912129.0 1379092926.0 1.0 1.0 0.0
9912309.0 9912315.0 1379093112.0 3910.0 0.0 0.0
9974049.0 9974066.0 1379154852.0 1.0 1.0 0.0
9974259.0 9974271.0 1379155062.0 2955.0 0.0 0.0
9983150.0 9983157.0 1379163953.0 1.0 1.0 0.0
9983356.0 9983367.0 1379164159.0 2989.66666667 0.0 0.0
9983728.0 9983760.0 1379164531.0 1.0 1.0 0.0
9999170.0 9999176.0 1379179973.0 1.0 1.0 0.0
9999320.0 9999326.0 1379180123.0 3085.0 0.0 0.0
10056384.0 10056397.0 1379237187.0 1.0 1.0 0.0
10056578.0 10056589.0 1379237381.0 2992.66666667 0.0 0.0
10094088.0 10094095.0 1379274891.0 1.0 1.0 0.0
10094275.0 10094287.0 1379275078.0 3071.0 0.0 0.0
10128567.0 10128575.0 1379309370.0 1.0 1.0 0.0
10176473.0 10176479.0 1379357276.0 1.0 1.0 0.0
10176653.0 10176665.0 1379357456.0 3026.0 0.0 0.0
10215047.0 10215054.0 1379395850.0 1.0 1.0 0.0
10226357.0 10226375.0 1379407160.0 1.0 1.0 0.0
10265442.0 10265448.0 1379446245.0 1.0 1.0 0.0
10265604.0 10265622.0 1379446407.0 3002.0 0.0 0.0
10268102.0 10268121.0 1379448905.0 1.0 1.0 0.0
10268259.0 10268271.0 1379449062.0 3063.0 0.0 0.0
10268423.0 10268435.0 1379449226.0 1.0 1.0 0.0
10308109.0 10308128.0 1379488912.0 1.0 1.0 0.0
10308296.0 10308302.0 1379489099.0 2981.0 0.0 0.0
10319480.0 10319505.0 1379500283.0 1.0 1.0 0.0
10322794.0 10322802.0 1379503597.0 1.0 1.0 0.0
10322946.0 10322963.0 1379503749.0 3069.75 0.0 0.0
10336335.0 10336342.0 1379517138.0 1.0 1.0 0.0
10349218.0 10349236.0 1379530021.0 1.0 1.0 0.0
10349393.0 10349411.0 1379530196.0 3046.0 0.0 0.0
10405705.0 10405717.0 1379586508.0 1.0 1.0 0.0
10415110.0 10415122.0 1379595913.0 1.0 1.0 0.0
10439228.0 10439234.0 1379620031.0 1.0 1.0 0.0
10439390.0 10439402.0 1379620193.0 2983.0 0.0 0.0
10474678.0 10474684.0 1379655481.0 1.0 1.0 0.0
10490417.0 10490430.0 1379671220.0 1.0 1.0 0.0
10497018.0 10497026.0 1379677821.0 1.0 1.0 0.0
10522538.0 10522549.0 1379703341.0 1.0 1.0 0.0
10522718.0 10522724.0 1379703521.0 3000.0 0.0 0.0
10579539.0 10579545.0 1379760342.0 1.0 1.0 0.0
10579720.0 10579731.0 1379760523.0 3002.83333333 0.0 0.0
10582388.0 10582396.0 1379763191.0 1.0 1.0 0.0
10582581.0 10582587.0 1379763384.0 2950.0 0.0 0.0
10583920.0 10583926.0 1379764723.0 1.0 1.0 0.0
10620098.0 10620104.0 1379800901.0 1.0 1.0 0.0
10620260.0 10620278.0 1379801063.0 3036.0 0.0 0.0
10658076.0 10658089.0 1379838879.0 1.0 1.0 0.0
10658263.0 10658269.0 1379839066.0 3046.0 0.0 0.0
10659186.0 10659194.0 1379839989.0 1.0 1.0 0.0
10659373.0 10659379.0 1379840176.0 3024.0 0.0 0.0
10661812.0 10661820.0 1379842615.0 1.0 1.0 0.0
10676362.0 10676368.0 1379857165.0 1.0 1.0 0.0
10676542.0 10676548.0 1379857345.0 3040.0 0.0 0.0
10690957.0 10690964.0 1379871760.0 1.0 1.0 0.0
10699109.0 10699117.0 1379879912.0 1.0 1.0 0.0
10699289.0 10699301.0 1379880092.0 2942.0 0.0 0.0
10776096.0 10776103.0 1379956899.0 1.0 1.0 0.0
10776241.0 10776253.0 1379957044.0 3007.0 0.0 0.0
10782493.0 10782500.0 1379963296.0 1.0 1.0 0.0
10782650.0 10782656.0 1379963453.0 3038.0 0.0 0.0
10790962.0 10790970.0 1379971765.0 1.0 1.0 0.0
10791113.0 10791125.0 1379971916.0 2977.0 0.0 0.0
10820524.0 10820543.0 1380001327.0 1.0 1.0 0.0
10851366.0 10851374.0 1380032169.0 1.0 1.0 0.0
10851517.0 10851528.0 1380032320.0 3033.33333333 0.0 0.0
10860796.0 10860802.0 1380041599.0 1.0 1.0 0.0
10860929.0 10860946.0 1380041732.0 2971.33333333 0.0 0.0
10861581.0 10861587.0 1380042384.0 1.0 1.0 0.0
10869043.0 10869049.0 1380049846.0 1.0 1.0 0.0
10869194.0 10869205.0 1380049997.0 2918.66666667 0.0 0.0
10875857.0 10875863.0 1380056660.0 1.0 1.0 0.0
10875990.0 10876001.0 1380056793.0 2996.0 0.0 0.0
10942766.0 10942774.0 1380123569.0 1.0 1.0 0.0
10955103.0 10955109.0 1380135906.0 1.0 1.0 0.0
10955290.0 10955296.0 1380136093.0 2964.0 0.0 0.0
10993961.0 10993980.0 1380174764.0 1.0 1.0 0.0
10997524.0 10997542.0 1380178327.0 1.0 1.0 0.0
11035972.0 11035980.0 1380216775.0 1.0 1.0 0.0
11036164.0 11036176.0 1380216967.0 2948.0 0.0 0.0
11046014.0 11046027.0 1380226817.0 1.0 1.0 0.0
11046183.0 11046201.0 1380226986.0 3004.0 0.0 0.0
