40968.0 40980.0 1369221772.0 4.16666666667 1.0 2.0
41196.0 41202.0 1369222000.0 1297.0 0.0 2.0
66041.0 66052.0 1369246845.0 39.1666666667 1.0 2.0
66161.0 66172.0 1369246965.0 1291.5 0.0 2.0
83237.0 83255.0 1369264041.0 4.33333333333 1.0 2.0
83297.0 83309.0 1369264101.0 1353.0 0.0 2.0
152568.0 152593.0 1369333372.0 4.16666666667 1.0 2.0
152784.0 152796.0 1369333588.0 1277.0 0.0 2.0
219219.0 219243.0 1369400023.0 4.33333333333 1.0 2.0
219465.0 219471.0 1369400269.0 1300.0 0.0 2.0
298527.0 298539.0 1369479331.0 3.71428571429 1.0 2.0
298647.0 298659.0 1369479451.0 1334.0 0.0 2.0
301257.0 301274.0 1369482061.0 29.2857142857 1.0 2.0
301401.0 301407.0 1369482205.0 1296.0 0.0 2.0
301563.0 301575.0 1369482367.0 1249.0 0.0 2.0
301647.0 301664.0 1369482451.0 25.0 1.0 2.0
321782.0 321794.0 1369502586.0 3.71428571429 1.0 2.0
321878.0 321885.0 1369502682.0 1347.0 0.0 2.0
379936.0 379954.0 1369560740.0 4.0 1.0 2.0
380046.0 380057.0 1369560850.0 41.3333333333 1.0 2.0
380111.0 380123.0 1369560915.0 25.0 1.0 2.0
387136.0 387153.0 1369567940.0 27.5714285714 1.0 2.0
387377.0 387388.0 1369568181.0 1286.5 0.0 2.0
387773.0 387790.0 1369568577.0 4.16666666667 1.0 2.0
387862.0 387880.0 1369568666.0 1204.0 0.0 2.0
407709.0 407720.0 1369588513.0 4.5 1.0 2.0
407835.0 407841.0 1369588639.0 1310.0 0.0 2.0
419430.0 419446.0 1369600234.0 4.16666666667 1.0 2.0
419525.0 419531.0 1369600329.0 1317.0 0.0 2.0
465070.0 465087.0 1369645874.0 25.0 1.0 2.0
465160.0 465166.0 1369645964.0 1359.0 0.0 2.0
471243.0 471255.0 1369652047.0 4.16666666667 1.0 2.0
471435.0 471465.0 1369652239.0 1277.0 0.0 2.0
496011.0 496024.0 1369676815.0 26.0 1.0 2.0
496115.0 496138.0 1369676919.0 1336.83333333 0.0 2.0
496276.0 496306.0 1369677080.0 1280.0 0.0 2.0
496361.0 496380.0 1369677165.0 25.0 1.0 2.0
496458.0 496464.0 1369677262.0 1238.0 0.0 2.0
502259.0 502271.0 1369683063.0 25.0 1.0 2.0
502343.0 502355.0 1369683147.0 1283.0 0.0 2.0
577823.0 577852.0 1369758627.0 3.57142857143 1.0 2.0
578039.0 578045.0 1369758843.0 1257.0 0.0 2.0
580971.0 580995.0 1369761775.0 4.5 1.0 2.0
581097.0 581103.0 1369761901.0 1301.0 0.0 2.0
581307.0 581325.0 1369762111.0 25.0 1.0 2.0
581361.0 581373.0 1369762165.0 1256.0 0.0 2.0
631701.0 631712.0 1369812505.0 4.16666666667 1.0 2.0
631791.0 631802.0 1369812595.0 1316.66666667 0.0 2.0
654484.0 654495.0 1369835288.0 4.33333333333 1.0 2.0
654539.0 654556.0 1369835343.0 1346.16666667 0.0 2.0
667139.0 667150.0 1369847943.0 25.3333333333 1.0 2.0
667426.0 667450.0 1369848230.0 1233.0 0.0 2.0
667517.0 667528.0 1369848321.0 1232.66666667 0.0 2.0
671911.0 671922.0 1369852715.0 31.1666666667 1.0 2.0
671970.0 671982.0 1369852774.0 1311.0 0.0 2.0
675486.0 675497.0 1369856290.0 4.16666666667 1.0 2.0
675551.0 675557.0 1369856355.0 1297.0 0.0 2.0
735771.0 735794.0 1369916575.0 3.71428571429 1.0 2.0
735975.0 735981.0 1369916779.0 1293.0 0.0 2.0
754332.0 754345.0 1369935136.0 25.0 1.0 2.0
754483.0 754495.0 1369935287.0 1290.0 0.0 2.0
754573.0 754579.0 1369935377.0 1274.0 0.0 2.0
754687.0 754699.0 1369935491.0 1262.0 0.0 2.0
754772.0 754789.0 1369935576.0 1221.33333333 0.0 2.0
766280.0 766298.0 1369947084.0 4.33333333333 1.0 2.0
766358.0 766382.0 1369947162.0 1320.0 0.0 2.0
806087.0 806098.0 1369986891.0 35.8333333333 1.0 2.0
806140.0 806158.0 1369986944.0 1323.0 0.0 2.0
807338.0 807355.0 1369988142.0 4.16666666667 1.0 2.0
807392.0 807403.0 1369988196.0 1292.33333333 0.0 2.0
809139.0 809157.0 1369989943.0 0.333333333333 1.0 2.0
815635.0 815652.0 1369996439.0 28.2857142857 1.0 2.0
815701.0 815719.0 1369996505.0 2068.0 0.0 2.0
826486.0 826493.0 1370007290.0 26.0 1.0 2.0
826667.0 826673.0 1370007471.0 1293.0 0.0 2.0
833942.0 833966.0 1370014746.0 4.33333333333 1.0 2.0
834134.0 834140.0 1370014938.0 1285.0 0.0 2.0
896056.0 896068.0 1370076860.0 4.33333333333 1.0 2.0
896122.0 896128.0 1370076926.0 1337.0 0.0 2.0
896164.0 896188.0 1370076968.0 1322.0 0.0 2.0
903535.0 903547.0 1370084339.0 6.33333333333 1.0 2.0
903607.0 903619.0 1370084411.0 1314.0 0.0 2.0
903806.0 903822.0 1370084610.0 61.0 1.0 2.0
904004.0 904015.0 1370084808.0 1250.83333333 0.0 2.0
926229.0 926251.0 1370107033.0 0.166666666667 1.0 2.0
926287.0 926306.0 1370107091.0 1305.16666667 0.0 2.0
934605.0 934616.0 1370115409.0 2.66666666667 1.0 2.0
934653.0 934676.0 1370115457.0 1314.5 0.0 2.0
935115.0 935132.0 1370115919.0 29.5714285714 1.0 2.0
935200.0 935223.0 1370116004.0 4.16666666667 1.0 2.0
935265.0 935271.0 1370116069.0 1296.0 0.0 2.0
986272.0 986284.0 1370167076.0 4.33333333333 1.0 2.0
986320.0 986326.0 1370167124.0 1316.0 0.0 2.0
986369.0 986392.0 1370167173.0 1304.0 0.0 2.0
987724.0 987733.0 1370168528.0 19.75 1.0 2.0
987781.0 987793.0 1370168585.0 1305.0 0.0 2.0
987829.0 987835.0 1370168633.0 1282.0 0.0 2.0
997078.0 997089.0 1370177882.0 31.3333333333 1.0 2.0
997161.0 997180.0 1370177965.0 1328.0 0.0 2.0
1013000.0 1013023.0 1370193804.0 24.7142857143 1.0 2.0
1013145.0 1013168.0 1370193949.0 1289.57142857 0.0 2.0
1024779.0 1024803.0 1370205583.0 27.8571428571 1.0 2.0
1063624.0 1063647.0 1370244428.0 4.33333333333 1.0 2.0
1063696.0 1063702.0 1370244500.0 26.0 1.0 2.0
1078603.0 1078620.0 1370259407.0 4.16666666667 1.0 2.0
1078706.0 1078723.0 1370259510.0 1323.5 0.0 2.0
1098200.0 1098216.0 1370279004.0 32.8333333333 1.0 2.0
1098325.0 1098331.0 1370279129.0 1319.0 0.0 2.0
1111412.0 1111423.0 1370292216.0 4.16666666667 1.0 2.0
1111484.0 1111501.0 1370292288.0 1318.66666667 0.0 2.0
1142712.0 1142730.0 1370323516.0 27.7142857143 1.0 2.0
1142905.0 1142922.0 1370323709.0 4.16666666667 1.0 2.0
1148233.0 1148245.0 1370329037.0 35.1666666667 1.0 2.0
1148347.0 1148353.0 1370329151.0 1304.0 0.0 2.0
1160908.0 1160931.0 1370341712.0 4.33333333333 1.0 2.0
1161119.0 1161136.0 1370341923.0 1301.0 0.0 2.0
1194368.0 1194391.0 1370375172.0 15.2857142857 1.0 2.0
1194519.0 1194530.0 1370375323.0 1297.83333333 0.0 2.0
1229980.0 1229991.0 1370410784.0 4.33333333333 1.0 2.0
1230058.0 1230075.0 1370410862.0 1338.0 0.0 2.0
1237047.0 1237064.0 1370417851.0 17.6666666667 1.0 2.0
1237100.0 1237107.0 1370417904.0 1321.0 0.0 2.0
1237143.0 1237155.0 1370417947.0 25.0 1.0 2.0
1275559.0 1275576.0 1370456363.0 4.16666666667 1.0 2.0
1275654.0 1275660.0 1370456458.0 1326.0 0.0 2.0
1316294.0 1316323.0 1370497098.0 4.33333333333 1.0 2.0
1316366.0 1316378.0 1370497170.0 26.0 1.0 2.0
1324220.0 1324243.0 1370505024.0 4.16666666667 1.0 2.0
1324303.0 1324309.0 1370505107.0 25.0 1.0 2.0
1324345.0 1324357.0 1370505149.0 1300.0 0.0 2.0
1338857.0 1338876.0 1370519661.0 2.0 1.0 2.0
1339038.0 1339044.0 1370519842.0 1301.0 0.0 2.0
1360534.0 1360546.0 1370541338.0 151.571428571 1.0 2.0
1360606.0 1360630.0 1370541410.0 1329.0 0.0 2.0
1360931.0 1360942.0 1370541735.0 4.33333333333 1.0 2.0
1361028.0 1361039.0 1370541832.0 1301.66666667 0.0 2.0
1402222.0 1402235.0 1370583026.0 26.0 1.0 2.0
1402282.0 1402288.0 1370583086.0 1339.0 0.0 2.0
1413437.0 1413459.0 1370594241.0 4.16666666667 1.0 2.0
1413514.0 1413520.0 1370594318.0 26.0 1.0 2.0
1413562.0 1413568.0 1370594366.0 1320.0 0.0 2.0
1427831.0 1427849.0 1370608635.0 11.3333333333 1.0 2.0
1428034.0 1428052.0 1370608838.0 1275.0 0.0 2.0
1428728.0 1428746.0 1370609532.0 45.5714285714 1.0 2.0
1428938.0 1428950.0 1370609742.0 1248.0 0.0 2.0
1446966.0 1446977.0 1370627770.0 4.33333333333 1.0 2.0
1447091.0 1447097.0 1370627895.0 1291.0 0.0 2.0
1447133.0 1447146.0 1370627937.0 25.0 1.0 2.0
1447284.0 1447296.0 1370628088.0 1241.0 0.0 2.0
1447332.0 1447344.0 1370628136.0 197.0 1.0 2.0
1447500.0 1447512.0 1370628304.0 1196.0 0.0 2.0
1507154.0 1507184.0 1370687958.0 4.16666666667 1.0 2.0
1507418.0 1507424.0 1370688222.0 1250.0 0.0 2.0
1507646.0 1507670.0 1370688450.0 1196.0 0.0 2.0
1513694.0 1513710.0 1370694498.0 38.6666666667 1.0 2.0
1513837.0 1513848.0 1370694641.0 1306.0 0.0 2.0
1514024.0 1514030.0 1370694828.0 1249.0 0.0 2.0
1514133.0 1514140.0 1370694937.0 26.0 1.0 2.0
1514309.0 1514320.0 1370695113.0 1200.66666667 0.0 2.0
1514806.0 1514841.0 1370695610.0 3.71428571429 1.0 2.0
1514963.0 1514986.0 1370695767.0 1191.66666667 0.0 2.0
1525915.0 1525926.0 1370706719.0 14.3333333333 1.0 2.0
1587795.0 1587818.0 1370768599.0 4.16666666667 1.0 2.0
1587855.0 1587861.0 1370768659.0 25.0 1.0 2.0
1587904.0 1587910.0 1370768708.0 1321.0 0.0 2.0
1597095.0 1597105.0 1370777899.0 222.5 1.0 2.0
1597244.0 1597255.0 1370778048.0 1315.0 0.0 2.0
1598200.0 1598213.0 1370779004.0 25.0 1.0 2.0
1598363.0 1598381.0 1370779167.0 1266.0 0.0 2.0
1598590.0 1598609.0 1370779394.0 1219.0 0.0 2.0
1598783.0 1598800.0 1370779587.0 1173.83333333 0.0 2.0
1661460.0 1661472.0 1370842264.0 208.833333333 1.0 2.0
1661519.0 1661536.0 1370842323.0 1332.0 0.0 2.0
1671618.0 1671642.0 1370852422.0 4.33333333333 1.0 2.0
1671714.0 1671720.0 1370852518.0 1346.0 0.0 2.0
1701517.0 1701523.0 1370882321.0 187.428571429 1.0 2.0
1701656.0 1701673.0 1370882460.0 1290.83333333 0.0 2.0
1706432.0 1706438.0 1370887236.0 188.428571429 1.0 2.0
1706558.0 1706569.0 1370887362.0 1311.0 0.0 2.0
1706648.0 1706660.0 1370887452.0 1287.0 0.0 2.0
1711167.0 1711174.0 1370891971.0 26.0 1.0 2.0
1711216.0 1711234.0 1370892020.0 1332.0 0.0 2.0
1752726.0 1752737.0 1370933530.0 4.33333333333 1.0 2.0
1752774.0 1752798.0 1370933578.0 1356.83333333 0.0 2.0
1758449.0 1758461.0 1370939253.0 4.33333333333 1.0 2.0
1758539.0 1758551.0 1370939343.0 1355.0 0.0 2.0
1769511.0 1769523.0 1370950315.0 3.71428571429 1.0 2.0
1769715.0 1769727.0 1370950519.0 1310.0 0.0 2.0
1842240.0 1842258.0 1371023044.0 0.666666666667 1.0 2.0
1842342.0 1842348.0 1371023146.0 1336.0 0.0 2.0
1844572.0 1844583.0 1371025376.0 36.3333333333 1.0 2.0
1844620.0 1844648.0 1371025424.0 1326.83333333 0.0 2.0
1844685.0 1844691.0 1371025489.0 1272.0 0.0 2.0
1858079.0 1858091.0 1371038883.0 35.3333333333 1.0 2.0
1858127.0 1858145.0 1371038931.0 1341.0 0.0 2.0
1858271.0 1858284.0 1371039075.0 1313.0 0.0 2.0
1873566.0 1873583.0 1371054370.0 4.33333333333 1.0 2.0
1873661.0 1873673.0 1371054465.0 1314.0 0.0 2.0
1920633.0 1920649.0 1371101437.0 4.33333333333 1.0 2.0
1920698.0 1920704.0 1371101502.0 1355.0 0.0 2.0
1920820.0 1920833.0 1371101624.0 26.0 1.0 2.0
1920869.0 1920875.0 1371101673.0 1308.0 0.0 2.0
1920912.0 1920941.0 1371101716.0 1312.0 0.0 2.0
1930039.0 1930051.0 1371110843.0 28.5714285714 1.0 2.0
1930123.0 1930141.0 1371110927.0 1348.0 0.0 2.0
1939404.0 1939422.0 1371120208.0 21.3333333333 1.0 2.0
1939596.0 1939614.0 1371120400.0 1298.0 0.0 2.0
1958978.0 1958996.0 1371139782.0 4.16666666667 1.0 2.0
1959170.0 1959188.0 1371139974.0 1288.0 0.0 2.0
1965953.0 1965976.0 1371146757.0 4.33333333333 1.0 2.0
1966049.0 1966055.0 1371146853.0 1309.0 0.0 2.0
2013469.0 2013492.0 1371194273.0 3.125 1.0 2.0
2013571.0 2013577.0 1371194375.0 1314.0 0.0 2.0
2050562.0 2050567.0 1371231366.0 220.666666667 1.0 2.0
2050718.0 2050724.0 1371231522.0 1271.0 0.0 2.0
2050780.0 2050791.0 1371231584.0 13.5 1.0 2.0
2050900.0 2050911.0 1371231704.0 1243.33333333 0.0 2.0
2064125.0 2064137.0 1371244929.0 4.16666666667 1.0 2.0
2064179.0 2064191.0 1371244983.0 1336.0 0.0 2.0
2105589.0 2105606.0 1371286393.0 23.8333333333 1.0 2.0
2105710.0 2105721.0 1371286514.0 1346.83333333 0.0 2.0
2119638.0 2119643.0 1371300442.0 221.166666667 1.0 2.0
2119763.0 2119769.0 1371300567.0 1301.0 0.0 2.0
2120725.0 2120736.0 1371301529.0 34.3333333333 1.0 2.0
2142279.0 2142290.0 1371323083.0 4.5 1.0 2.0
2142339.0 2142351.0 1371323143.0 1341.0 0.0 2.0
2204136.0 2204154.0 1371384940.0 39.0 1.0 2.0
2204328.0 2204340.0 1371385132.0 1301.0 0.0 2.0
2232704.0 2232710.0 1371413508.0 190.571428571 1.0 2.0
2232788.0 2232794.0 1371413592.0 1308.0 0.0 2.0
2232873.0 2232891.0 1371413677.0 1284.66666667 0.0 2.0
2272788.0 2272805.0 1371453592.0 26.1666666667 1.0 2.0
2272884.0 2272890.0 1371453688.0 1328.0 0.0 2.0
2283297.0 2283303.0 1371464101.0 2.0 1.0 2.0
2283477.0 2283483.0 1371464281.0 1288.0 0.0 2.0
2295281.0 2295299.0 1371476085.0 4.33333333333 1.0 2.0
2295425.0 2295437.0 1371476229.0 1304.0 0.0 2.0
2311926.0 2311937.0 1371492730.0 4.33333333333 1.0 2.0
2312051.0 2312063.0 1371492855.0 1303.0 0.0 2.0
2361652.0 2361664.0 1371542456.0 4.33333333333 1.0 2.0
2361748.0 2361754.0 1371542552.0 1316.0 0.0 2.0
2361870.0 2361892.0 1371542674.0 1271.33333333 0.0 2.0
2361947.0 2361953.0 1371542751.0 1262.0 0.0 2.0
2461014.0 2461024.0 1371641818.0 226.166666667 1.0 2.0
2461205.0 2461211.0 1371642009.0 1291.0 0.0 2.0
2539252.0 2539281.0 1371720056.0 4.33333333333 1.0 2.0
2539426.0 2539438.0 1371720230.0 1283.0 0.0 2.0
2549228.0 2549239.0 1371730032.0 18.0 1.0 2.0
2549288.0 2549300.0 1371730092.0 1302.0 0.0 2.0
2620386.0 2620405.0 1371801190.0 3.71428571429 1.0 2.0
2620488.0 2620494.0 1371801292.0 1297.0 0.0 2.0
2637079.0 2637109.0 1371817883.0 34.3333333333 1.0 2.0
2637259.0 2637271.0 1371818063.0 1301.0 0.0 2.0
2708935.0 2708947.0 1371889739.0 34.3333333333 1.0 2.0
2709001.0 2709037.0 1371889805.0 1313.0 0.0 2.0
2736527.0 2736543.0 1371917331.0 4.33333333333 1.0 2.0
2736706.0 2736718.0 1371917510.0 1300.0 0.0 2.0
2744628.0 2744650.0 1371925432.0 4.33333333333 1.0 2.0
2744711.0 2744729.0 1371925515.0 1322.0 0.0 2.0
2755124.0 2755135.0 1371935928.0 158.833333333 1.0 2.0
2755171.0 2755189.0 1371935975.0 1330.0 0.0 2.0
2755225.0 2755232.0 1371936029.0 1312.16666667 0.0 2.0
2811183.0 2811213.0 1371991987.0 3.71428571429 1.0 2.0
2811310.0 2811321.0 1371992114.0 1312.66666667 0.0 2.0
2811371.0 2811382.0 1371992175.0 4.0 1.0 2.0
2811431.0 2811448.0 1371992235.0 25.0 1.0 2.0
2811484.0 2811497.0 1371992288.0 1262.66666667 0.0 2.0
2872655.0 2872671.0 1372053459.0 31.0 1.0 2.0
2872721.0 2872727.0 1372053525.0 12.0 1.0 2.0
2872786.0 2872805.0 1372053590.0 1301.0 0.0 2.0
2882936.0 2882958.0 1372063740.0 4.33333333333 1.0 2.0
2895413.0 2895436.0 1372076217.0 4.33333333333 1.0 2.0
2895612.0 2895623.0 1372076416.0 1309.33333333 0.0 2.0
2917600.0 2917606.0 1372098404.0 192.285714286 1.0 2.0
2917702.0 2917726.0 1372098506.0 1331.0 0.0 2.0
2958734.0 2958750.0 1372139538.0 33.0 1.0 2.0
2977965.0 2977982.0 1372158769.0 4.33333333333 1.0 2.0
2978139.0 2978150.0 1372158943.0 1305.0 0.0 2.0
3003704.0 3003716.0 1372184508.0 0.166666666667 1.0 2.0
3011179.0 3011195.0 1372191983.0 36.3333333333 1.0 2.0
3011244.0 3011250.0 1372192048.0 1317.0 0.0 2.0
3044767.0 3044779.0 1372225571.0 4.33333333333 1.0 2.0
3098453.0 3098470.0 1372279257.0 98.6666666667 1.0 2.0
3131662.0 3131679.0 1372312466.0 29.1428571429 1.0 2.0
3174489.0 3174506.0 1372355293.0 4.33333333333 1.0 2.0
3174560.0 3174566.0 1372355364.0 1334.0 0.0 2.0
3187301.0 3187318.0 1372368105.0 8.5 1.0 2.0
3187360.0 3187372.0 1372368164.0 1308.0 0.0 2.0
3217096.0 3217107.0 1372397900.0 75.8571428571 1.0 2.0
3217149.0 3217156.0 1372397953.0 1353.0 0.0 2.0
3234967.0 3234979.0 1372415771.0 17.0 1.0 2.0
3235154.0 3235160.0 1372415958.0 1272.0 0.0 2.0
3259560.0 3259584.0 1372440364.0 4.33333333333 1.0 2.0
3259735.0 3259752.0 1372440539.0 1317.66666667 0.0 2.0
3275577.0 3275587.0 1372456381.0 4.4 1.0 2.0
3275642.0 3275648.0 1372456446.0 1320.0 0.0 2.0
3324769.0 3324781.0 1372505573.0 34.1666666667 1.0 2.0
3324949.0 3324961.0 1372505753.0 1297.0 0.0 2.0
3326316.0 3326333.0 1372507120.0 36.5 1.0 2.0
3347946.0 3347957.0 1372528750.0 106.666666667 1.0 2.0
3348065.0 3348077.0 1372528869.0 1310.0 0.0 2.0
3348150.0 3348162.0 1372528954.0 1263.0 0.0 2.0
3361048.0 3361059.0 1372541852.0 3.16666666667 1.0 2.0
3361102.0 3361113.0 1372541906.0 1353.33333333 0.0 2.0
3400692.0 3400704.0 1372581496.0 4.33333333333 1.0 2.0
3400747.0 3400764.0 1372581551.0 1335.66666667 0.0 2.0
3400819.0 3400837.0 1372581623.0 1983.0 0.0 2.0
3415178.0 3415196.0 1372595982.0 26.0 1.0 2.0
3415269.0 3415275.0 1372596073.0 1330.0 0.0 2.0
3433807.0 3433818.0 1372614611.0 4.33333333333 1.0 2.0
3433987.0 3433999.0 1372614791.0 1263.14285714 0.0 2.0
3434102.0 3434113.0 1372614906.0 1195.33333333 0.0 2.0
3434265.0 3434271.0 1372615069.0 25.0 1.0 2.0
3434385.0 3434391.0 1372615189.0 1183.0 0.0 2.0
3434555.0 3434567.0 1372615359.0 25.0 1.0 2.0
3434640.0 3434651.0 1372615444.0 1186.33333333 0.0 2.0
3444068.0 3444084.0 1372624872.0 4.16666666667 1.0 2.0
3482446.0 3482464.0 1372663250.0 3.57142857143 1.0 2.0
3482512.0 3482518.0 1372663316.0 1317.0 0.0 2.0
3482554.0 3482560.0 1372663358.0 1305.0 0.0 2.0
3490147.0 3490170.0 1372670951.0 4.33333333333 1.0 2.0
3495461.0 3495477.0 1372676265.0 34.5 1.0 2.0
3495634.0 3495652.0 1372676438.0 1517.0 0.0 2.0
3517154.0 3517170.0 1372697958.0 218.333333333 1.0 2.0
3517213.0 3517219.0 1372698017.0 1310.0 0.0 2.0
3517311.0 3517323.0 1372698115.0 4.33333333333 1.0 2.0
3517377.0 3517383.0 1372698181.0 1300.0 0.0 2.0
3532208.0 3532230.0 1372713012.0 4.33333333333 1.0 2.0
3532273.0 3532285.0 1372713077.0 1327.0 0.0 2.0
3563864.0 3563875.0 1372744668.0 4.16666666667 1.0 2.0
3563941.0 3563947.0 1372744745.0 1325.0 0.0 2.0
3578738.0 3578773.0 1372759542.0 15.8571428571 1.0 2.0
3578913.0 3578942.0 1372759717.0 1302.83333333 0.0 2.0
3591623.0 3591634.0 1372772427.0 121.166666667 1.0 2.0
3591742.0 3591760.0 1372772546.0 26.0 1.0 2.0
3591820.0 3591845.0 1372772624.0 1333.0 0.0 2.0
3604606.0 3604617.0 1372785410.0 12.0 1.0 2.0
3604779.0 3604809.0 1372785583.0 1316.0 0.0 2.0
3619004.0 3619016.0 1372799808.0 185.0 1.0 2.0
3619100.0 3619106.0 1372799904.0 1311.0 0.0 2.0
3656392.0 3656409.0 1372837196.0 4.33333333333 1.0 2.0
3656457.0 3656469.0 1372837261.0 1337.0 0.0 2.0
3703678.0 3703689.0 1372884482.0 4.33333333333 1.0 2.0
3703725.0 3703744.0 1372884529.0 1303.0 0.0 2.0
3704424.0 3704436.0 1372885228.0 3.57142857143 1.0 2.0
3704514.0 3704526.0 1372885318.0 1281.0 0.0 2.0
3736420.0 3736432.0 1372917224.0 4.33333333333 1.0 2.0
3751072.0 3751083.0 1372931876.0 12.5 1.0 2.0
3755345.0 3755368.0 1372936149.0 26.0 1.0 2.0
3755562.0 3755579.0 1372936366.0 1290.0 0.0 2.0
3768324.0 3768335.0 1372949128.0 115.833333333 1.0 2.0
3768419.0 3768425.0 1372949223.0 1325.0 0.0 2.0
3791982.0 3792004.0 1372972786.0 4.33333333333 1.0 2.0
3792089.0 3792107.0 1372972893.0 1309.0 0.0 2.0
3830442.0 3830453.0 1373011246.0 150.333333333 1.0 2.0
3842935.0 3842952.0 1373023739.0 4.33333333333 1.0 2.0
3843007.0 3843030.0 1373023811.0 1346.16666667 0.0 2.0
3855334.0 3855363.0 1373036138.0 3.57142857143 1.0 2.0
3855484.0 3855508.0 1373036288.0 1323.0 0.0 2.0
3920373.0 3920390.0 1373101177.0 4.16666666667 1.0 2.0
3920445.0 3920451.0 1373101249.0 1327.0 0.0 2.0
3920494.0 3920517.0 1373101298.0 25.0 1.0 2.0
3932645.0 3932662.0 1373113449.0 3.66666666667 1.0 2.0
3932706.0 3932717.0 1373113510.0 1329.66666667 0.0 2.0
3932993.0 3933009.0 1373113797.0 15.8333333333 1.0 2.0
3933046.0 3933058.0 1373113850.0 1277.0 0.0 2.0
4002414.0 4002449.0 1373183218.0 4.0 1.0 2.0
4002497.0 4002503.0 1373183301.0 1300.0 0.0 2.0
4002557.0 4002569.0 1373183361.0 1288.0 0.0 2.0
4021327.0 4021349.0 1373202131.0 4.33333333333 1.0 2.0
4021626.0 4021632.0 1373202430.0 1225.0 0.0 2.0
4021770.0 4021788.0 1373202574.0 1196.0 0.0 2.0
4041067.0 4041079.0 1373221871.0 25.0 1.0 2.0
4041277.0 4041289.0 1373222081.0 1244.0 0.0 2.0
4080604.0 4080615.0 1373261408.0 25.5 1.0 2.0
4080676.0 4080687.0 1373261480.0 1321.5 0.0 2.0
4080741.0 4080748.0 1373261545.0 1297.0 0.0 2.0
4080790.0 4080801.0 1373261594.0 1280.0 0.0 2.0
4080886.0 4080898.0 1373261690.0 1261.0 0.0 2.0
4127565.0 4127577.0 1373308369.0 30.0 1.0 2.0
4127631.0 4127637.0 1373308435.0 1313.0 0.0 2.0
4129076.0 4129088.0 1373309880.0 26.0 1.0 2.0
4129196.0 4129208.0 1373310000.0 1284.0 0.0 2.0
4167192.0 4167203.0 1373347996.0 4.16666666667 1.0 2.0
4167239.0 4167246.0 1373348043.0 1320.0 0.0 2.0
4189349.0 4189366.0 1373370153.0 0.333333333333 1.0 2.0
4189553.0 4189559.0 1373370357.0 1286.0 0.0 2.0
4225037.0 4225054.0 1373405841.0 4.33333333333 1.0 2.0
4225096.0 4225108.0 1373405900.0 1337.0 0.0 2.0
4253479.0 4253495.0 1373434283.0 29.3333333333 1.0 2.0
4253538.0 4253550.0 1373434342.0 25.0 1.0 2.0
4261010.0 4261033.0 1373441814.0 3.57142857143 1.0 2.0
4261107.0 4261118.0 1373441911.0 1306.5 0.0 2.0
4298102.0 4298113.0 1373478906.0 26.0 1.0 2.0
4298210.0 4298229.0 1373479014.0 1318.0 0.0 2.0
4307480.0 4307492.0 1373488284.0 23.0 1.0 2.0
4309670.0 4309681.0 1373490474.0 3.66666666667 1.0 2.0
4309729.0 4309741.0 1373490533.0 1320.0 0.0 2.0
4314312.0 4314340.0 1373495116.0 4.16666666667 1.0 2.0
4314485.0 4314510.0 1373495289.0 1304.0 0.0 2.0
4340262.0 4340279.0 1373521066.0 45.5 1.0 2.0
4340315.0 4340332.0 1373521119.0 1305.0 0.0 2.0
4353933.0 4353950.0 1373534737.0 4.16666666667 1.0 2.0
4354010.0 4354022.0 1373534814.0 1313.0 0.0 2.0
4363292.0 4363310.0 1373544096.0 4.33333333333 1.0 2.0
4363466.0 4363490.0 1373544270.0 1307.0 0.0 2.0
4397096.0 4397112.0 1373577900.0 4.33333333333 1.0 2.0
4397162.0 4397166.0 1373577966.0 1329.0 0.0 2.0
4426543.0 4426560.0 1373607347.0 32.0 1.0 2.0
4426596.0 4426614.0 1373607400.0 1336.0 0.0 2.0
4433787.0 4433810.0 1373614591.0 4.16666666667 1.0 2.0
4433872.0 4433895.0 1373614676.0 1322.0 0.0 2.0
4479585.0 4479613.0 1373660389.0 4.16666666667 1.0 2.0
4483787.0 4483799.0 1373664591.0 51.1666666667 1.0 2.0
4485721.0 4485739.0 1373666525.0 4.33333333333 1.0 2.0
4485907.0 4485925.0 1373666711.0 1270.0 0.0 2.0
4525564.0 4525575.0 1373706368.0 223.0 1.0 2.0
4525618.0 4525635.0 1373706422.0 1350.33333333 0.0 2.0
4538580.0 4538592.0 1373719384.0 30.2857142857 1.0 2.0
4538628.0 4538640.0 1373719432.0 1330.0 0.0 2.0
4538725.0 4538737.0 1373719529.0 1308.0 0.0 2.0
4560134.0 4560146.0 1373740938.0 3.71428571429 1.0 2.0
4608362.0 4608374.0 1373789166.0 4.16666666667 1.0 2.0
4608416.0 4608428.0 1373789220.0 1306.0 0.0 2.0
4623745.0 4623756.0 1373804549.0 206.333333333 1.0 2.0
4623828.0 4623840.0 1373804632.0 1326.0 0.0 2.0
4660749.0 4660778.0 1373841553.0 0.166666666667 1.0 2.0
4660815.0 4660827.0 1373841619.0 1291.0 0.0 2.0
4686106.0 4686117.0 1373866910.0 223.333333333 1.0 2.0
4686356.0 4686374.0 1373867160.0 0.125 1.0 2.0
4697683.0 4697695.0 1373878487.0 12.5 1.0 2.0
4697737.0 4697743.0 1373878541.0 1309.0 0.0 2.0
4730259.0 4730276.0 1373911063.0 27.0 1.0 2.0
4730385.0 4730391.0 1373911189.0 1298.0 0.0 2.0
4730511.0 4730523.0 1373911315.0 1257.0 0.0 2.0
4772182.0 4772194.0 1373952986.0 31.4285714286 1.0 2.0
4778741.0 4778759.0 1373959545.0 4.16666666667 1.0 2.0
4778844.0 4778850.0 1373959648.0 1308.0 0.0 2.0
4778958.0 4778964.0 1373959762.0 1253.0 0.0 2.0
4791387.0 4791409.0 1373972191.0 4.16666666667 1.0 2.0
4791560.0 4791584.0 1373972364.0 1280.0 0.0 2.0
4811926.0 4811937.0 1373992730.0 5.0 1.0 2.0
4811979.0 4811997.0 1373992783.0 1306.0 0.0 2.0
4817608.0 4817620.0 1373998412.0 3.14285714286 1.0 2.0
4817728.0 4817735.0 1373998532.0 1241.0 0.0 2.0
4819025.0 4819043.0 1373999829.0 177.428571429 1.0 2.0
4858795.0 4858818.0 1374039599.0 4.0 1.0 2.0
4858861.0 4858879.0 1374039665.0 1305.0 0.0 2.0
4869730.0 4869743.0 1374050534.0 22.875 1.0 2.0
4869814.0 4869826.0 1374050618.0 1979.0 0.0 2.0
4879278.0 4879290.0 1374060082.0 220.666666667 1.0 2.0
4879453.0 4879466.0 1374060257.0 1277.0 0.0 2.0
4901706.0 4901724.0 1374082510.0 3.57142857143 1.0 2.0
4901899.0 4901905.0 1374082703.0 1256.0 0.0 2.0
4951267.0 4951278.0 1374132071.0 7.83333333333 1.0 2.0
4951327.0 4951333.0 1374132131.0 1306.0 0.0 2.0
4970236.0 4970248.0 1374151040.0 27.2857142857 1.0 2.0
4970326.0 4970332.0 1374151130.0 1310.0 0.0 2.0
5000505.0 5000523.0 1374181309.0 3.71428571429 1.0 2.0
5000603.0 5000608.0 1374181407.0 1297.0 0.0 2.0
5042255.0 5042267.0 1374223059.0 33.1666666667 1.0 2.0
5042351.0 5042357.0 1374223155.0 1307.0 0.0 2.0
5043772.0 5043789.0 1374224576.0 4.16666666667 1.0 2.0
5043863.0 5043875.0 1374224667.0 1820.33333333 0.0 2.0
5079323.0 5079335.0 1374260127.0 19.0 1.0 2.0
5079492.0 5079515.0 1374260296.0 1298.16666667 0.0 2.0
5146942.0 5146958.0 1374327746.0 30.5 1.0 2.0
5163211.0 5163217.0 1374344015.0 12.0 1.0 2.0
5163296.0 5163309.0 1374344100.0 1316.0 0.0 2.0
5163368.0 5163374.0 1374344172.0 10.0 1.0 2.0
5163453.0 5163464.0 1374344257.0 1294.5 0.0 2.0
5217219.0 5217236.0 1374398023.0 4.33333333333 1.0 2.0
5217290.0 5217302.0 1374398094.0 1308.0 0.0 2.0
5218924.0 5218935.0 1374399728.0 4.16666666667 1.0 2.0
5219008.0 5219025.0 1374399812.0 1281.33333333 0.0 2.0
5227636.0 5227653.0 1374408440.0 4.33333333333 1.0 2.0
5227839.0 5227857.0 1374408643.0 1261.0 0.0 2.0
5227959.0 5227976.0 1374408763.0 25.0 1.0 2.0
5228133.0 5228145.0 1374408937.0 1214.0 0.0 2.0
5247246.0 5247269.0 1374428050.0 3.71428571429 1.0 2.0
5247343.0 5247361.0 1374428147.0 1311.5 0.0 2.0
5247800.0 5247817.0 1374428604.0 4.16666666667 1.0 2.0
5247991.0 5247997.0 1374428795.0 1254.0 0.0 2.0
5264303.0 5264315.0 1374445107.0 4.33333333333 1.0 2.0
5290232.0 5290243.0 1374471036.0 8.66666666667 1.0 2.0
5290279.0 5290285.0 1374471083.0 1336.0 0.0 2.0
5302167.0 5302183.0 1374482971.0 182.333333333 1.0 2.0
5302250.0 5302262.0 1374483054.0 1307.0 0.0 2.0
5311698.0 5311709.0 1374492502.0 0.5 1.0 2.0
5311877.0 5311895.0 1374492681.0 1290.0 0.0 2.0
5333910.0 5333921.0 1374514714.0 4.16666666667 1.0 2.0
5334089.0 5334102.0 1374514893.0 1292.0 0.0 2.0
5334198.0 5334209.0 1374515002.0 4.33333333333 1.0 2.0
5334336.0 5334359.0 1374515140.0 1229.83333333 0.0 2.0
5384776.0 5384788.0 1374565580.0 4.16666666667 1.0 2.0
5384837.0 5384855.0 1374565641.0 1305.83333333 0.0 2.0
5462271.0 5462288.0 1374643075.0 4.16666666667 1.0 2.0
5462337.0 5462343.0 1374643141.0 1308.0 0.0 2.0
5488201.0 5488213.0 1374669005.0 12.2857142857 1.0 2.0
5488417.0 5488423.0 1374669221.0 1275.0 0.0 2.0
5507310.0 5507322.0 1374688114.0 21.8333333333 1.0 2.0
5507466.0 5507473.0 1374688270.0 1278.0 0.0 2.0
5507514.0 5507520.0 1374688318.0 25.0 1.0 2.0
5507556.0 5507580.0 1374688360.0 1273.0 0.0 2.0
5549133.0 5549144.0 1374729937.0 4.33333333333 1.0 2.0
5549198.0 5549210.0 1374730002.0 1328.0 0.0 2.0
5571854.0 5571871.0 1374752658.0 4.66666666667 1.0 2.0
5572057.0 5572081.0 1374752861.0 1278.0 0.0 2.0
5605841.0 5605864.0 1374786645.0 3.57142857143 1.0 2.0
5635503.0 5635514.0 1374816307.0 32.3333333333 1.0 2.0
5734373.0 5734384.0 1374915177.0 30.1666666667 1.0 2.0
5734432.0 5734438.0 1374915236.0 26.0 1.0 2.0
5734474.0 5734480.0 1374915278.0 1280.0 0.0 2.0
5734516.0 5734522.0 1374915320.0 1259.0 0.0 2.0
5776553.0 5776570.0 1374957357.0 2.42857142857 1.0 2.0
5776608.0 5776626.0 1374957412.0 1317.0 0.0 2.0
5825308.0 5825325.0 1375006112.0 4.33333333333 1.0 2.0
5825361.0 5825367.0 1375006165.0 1322.0 0.0 2.0
5835206.0 5835217.0 1375016010.0 11.6666666667 1.0 2.0
5835271.0 5835283.0 1375016075.0 26.0 1.0 2.0
5835379.0 5835391.0 1375016183.0 1287.0 0.0 2.0
5835446.0 5835482.0 1375016250.0 1278.33333333 0.0 2.0
5835589.0 5835601.0 1375016393.0 1234.0 0.0 2.0
5835721.0 5835733.0 1375016525.0 1219.0 0.0 2.0
5835908.0 5835925.0 1375016712.0 1172.5 0.0 2.0
5854216.0 5854233.0 1375035020.0 3.71428571429 1.0 2.0
5854307.0 5854319.0 1375035111.0 1315.0 0.0 2.0
5864808.0 5864825.0 1375045612.0 4.16666666667 1.0 2.0
5864867.0 5864880.0 1375045671.0 1309.0 0.0 2.0
5895014.0 5895043.0 1375075818.0 4.33333333333 1.0 2.0
5895079.0 5895092.0 1375075883.0 1318.0 0.0 2.0
5914039.0 5914057.0 1375094843.0 3.71428571429 1.0 2.0
5914232.0 5914243.0 1375095036.0 1302.5 0.0 2.0
5947213.0 5947230.0 1375128017.0 4.16666666667 1.0 2.0
5947404.0 5947410.0 1375128208.0 1270.0 0.0 2.0
5981770.0 5981787.0 1375162574.0 31.8333333333 1.0 2.0
5981824.0 5981835.0 1375162628.0 1326.0 0.0 2.0
5985772.0 5985784.0 1375166576.0 4.16666666667 1.0 2.0
5985850.0 5985874.0 1375166654.0 1309.0 0.0 2.0
6003783.0 6003806.0 1375184587.0 24.8333333333 1.0 2.0
6003974.0 6003986.0 1375184778.0 1293.0 0.0 2.0
6079169.0 6079175.0 1375259973.0 24.0 1.0 2.0
6079283.0 6079295.0 1375260087.0 1300.0 0.0 2.0
6088959.0 6088970.0 1375269763.0 24.0 1.0 2.0
6089150.0 6089174.0 1375269954.0 1289.0 0.0 2.0
6091492.0 6091504.0 1375272296.0 28.1428571429 1.0 2.0
6091570.0 6091576.0 1375272374.0 1307.0 0.0 2.0
6091619.0 6091641.0 1375272423.0 4.33333333333 1.0 2.0
6091678.0 6091690.0 1375272482.0 1292.0 0.0 2.0
6093126.0 6093142.0 1375273930.0 214.166666667 1.0 2.0
6112727.0 6112745.0 1375293531.0 5.0 1.0 2.0
6112871.0 6112889.0 1375293675.0 1309.0 0.0 2.0
6113228.0 6113239.0 1375294032.0 26.0 1.0 2.0
6113312.0 6113324.0 1375294116.0 1255.0 0.0 2.0
6113361.0 6113385.0 1375294165.0 1244.0 0.0 2.0
6165109.0 6165127.0 1375345913.0 4.33333333333 1.0 2.0
6165181.0 6165187.0 1375345985.0 1303.0 0.0 2.0
6171894.0 6171911.0 1375352698.0 0.166666666667 1.0 2.0
6172104.0 6172123.0 1375352908.0 1276.0 0.0 2.0
6199343.0 6199355.0 1375380147.0 31.1666666667 1.0 2.0
6199536.0 6199553.0 1375380340.0 1258.33333333 0.0 2.0
6251204.0 6251221.0 1375432008.0 4.5 1.0 2.0
6251289.0 6251306.0 1375432093.0 1283.5 0.0 2.0
6269362.0 6269380.0 1375450166.0 4.16666666667 1.0 2.0
6269512.0 6269519.0 1375450316.0 1289.0 0.0 2.0
6336764.0 6336786.0 1375517568.0 174.833333333 1.0 2.0
6336822.0 6336835.0 1375517626.0 1268.0 0.0 2.0
6349605.0 6349622.0 1375530409.0 4.33333333333 1.0 2.0
6349791.0 6349802.0 1375530595.0 1298.5 0.0 2.0
6368797.0 6368815.0 1375549601.0 4.16666666667 1.0 2.0
6368982.0 6368993.0 1375549786.0 1279.125 0.0 2.0
6369089.0 6369101.0 1375549893.0 25.0 1.0 2.0
6369245.0 6369251.0 1375550049.0 1213.0 0.0 2.0
6424699.0 6424716.0 1375605503.0 4.16666666667 1.0 2.0
6424752.0 6424758.0 1375605556.0 98.0 1.0 2.0
6427622.0 6427640.0 1375608426.0 25.0 1.0 2.0
6427677.0 6427689.0 1375608481.0 1310.0 0.0 2.0
6435095.0 6435106.0 1375615899.0 22.5 1.0 2.0
6435304.0 6435316.0 1375616108.0 1270.0 0.0 2.0
6435491.0 6435527.0 1375616295.0 1222.0 0.0 2.0
9751243.0 9751255.0 1378932047.0 28.7142857143 1.0 2.0
9883568.0 9883586.0 1379064372.0 25.0 1.0 2.0
9883635.0 9883641.0 1379064439.0 1318.0 0.0 2.0
9886683.0 9886695.0 1379067487.0 4.33333333333 1.0 2.0
9886733.0 9886749.0 1379067537.0 1322.8 0.0 2.0
9888728.0 9888733.0 1379069532.0 224.166666667 1.0 2.0
9888933.0 9888943.0 1379069737.0 1274.0 0.0 2.0
9889228.0 9889239.0 1379070032.0 13.8333333333 1.0 2.0
9889347.0 9889365.0 1379070151.0 1252.0 0.0 2.0
9917142.0 9917159.0 1379097946.0 4.33333333333 1.0 2.0
9917208.0 9917215.0 1379098012.0 1336.0 0.0 2.0
9922091.0 9922109.0 1379102895.0 3.14285714286 1.0 2.0
9966463.0 9966480.0 1379147267.0 33.8333333333 1.0 2.0
9966541.0 9966552.0 1379147345.0 1351.83333333 0.0 2.0
9966643.0 9966648.0 1379147447.0 1314.0 0.0 2.0
9978666.0 9978683.0 1379159470.0 1.0 1.0 2.0
9978935.0 9978946.0 1379159739.0 1235.0 0.0 2.0
9999733.0 9999757.0 1379180537.0 4.33333333333 1.0 2.0
9999865.0 9999871.0 1379180669.0 1330.0 0.0 2.0
9999982.0 9999988.0 1379180786.0 26.0 1.0 2.0
10000102.0 10000108.0 1379180906.0 1280.0 0.0 2.0
10000171.0 10000188.0 1379180975.0 4.5 1.0 2.0
10000230.0 10000242.0 1379181034.0 1267.0 0.0 2.0
10070135.0 10070153.0 1379250939.0 3.42857142857 1.0 2.0
10070196.0 10070212.0 1379251000.0 112.0 1.0 2.0
10070467.0 10070484.0 1379251271.0 1260.0 0.0 2.0
10070676.0 10070688.0 1379251480.0 1228.0 0.0 2.0
10072776.0 10072787.0 1379253580.0 180.857142857 1.0 2.0
10073258.0 10073269.0 1379254062.0 4.5 1.0 2.0
10073319.0 10073337.0 1379254123.0 1263.0 0.0 2.0
10090790.0 10090802.0 1379271594.0 184.142857143 1.0 2.0
10090851.0 10090868.0 1379271655.0 1294.66666667 0.0 2.0
10187408.0 10187425.0 1379368212.0 66.8571428571 1.0 2.0
10187461.0 10187474.0 1379368265.0 1337.0 0.0 2.0
10238099.0 10238104.0 1379418903.0 230.166666667 1.0 2.0
10238327.0 10238344.0 1379419131.0 1307.33333333 0.0 2.0
10258990.0 10258995.0 1379439794.0 224.666666667 1.0 2.0
10259103.0 10259121.0 1379439907.0 1322.0 0.0 2.0
10268248.0 10268265.0 1379449052.0 4.33333333333 1.0 2.0
10268308.0 10268319.0 1379449112.0 1362.83333333 0.0 2.0
10319590.0 10319602.0 1379500394.0 4.83333333333 1.0 2.0
10319806.0 10319817.0 1379500610.0 1294.5 0.0 2.0
10320262.0 10320285.0 1379501066.0 33.8333333333 1.0 2.0
10320412.0 10320423.0 1379501216.0 1257.0 0.0 2.0
10352310.0 10352322.0 1379533114.0 4.5 1.0 2.0
10352376.0 10352382.0 1379533180.0 1365.0 0.0 2.0
10387776.0 10387788.0 1379568580.0 192.428571429 1.0 2.0
10387824.0 10387830.0 1379568628.0 1346.0 0.0 2.0
10387866.0 10387878.0 1379568670.0 1334.0 0.0 2.0
10405784.0 10405800.0 1379586588.0 36.5 1.0 2.0
10405999.0 10406023.0 1379586803.0 1294.0 0.0 2.0
10432467.0 10432479.0 1379613271.0 29.2857142857 1.0 2.0
10432575.0 10432599.0 1379613379.0 1326.0 0.0 2.0
10474703.0 10474714.0 1379655507.0 27.6666666667 1.0 2.0
10474804.0 10474822.0 1379655608.0 1346.0 0.0 2.0
10495487.0 10495505.0 1379676291.0 25.8333333333 1.0 2.0
10495709.0 10495739.0 1379676513.0 1303.0 0.0 2.0
10584582.0 10584604.0 1379765386.0 32.6666666667 1.0 2.0
10584695.0 10584713.0 1379765499.0 1309.0 0.0 2.0
10672386.0 10672403.0 1379853190.0 4.16666666667 1.0 2.0
10672513.0 10672530.0 1379853317.0 1330.66666667 0.0 2.0
10672572.0 10672578.0 1379853376.0 1314.0 0.0 2.0
10672711.0 10672729.0 1379853515.0 1288.5 0.0 2.0
10672812.0 10672829.0 1379853616.0 26.0 1.0 2.0
10672908.0 10672926.0 1379853712.0 1833.0 0.0 2.0
10690065.0 10690083.0 1379870869.0 4.33333333333 1.0 2.0
10690710.0 10690722.0 1379871514.0 28.8571428571 1.0 2.0
10690866.0 10690872.0 1379871670.0 1291.0 0.0 2.0
10733945.0 10733963.0 1379914749.0 4.0 1.0 2.0
10734005.0 10734029.0 1379914809.0 1354.0 0.0 2.0
10820706.0 10820718.0 1380001510.0 26.0 1.0 2.0
10820791.0 10820797.0 1380001595.0 1330.0 0.0 2.0
10845967.0 10845984.0 1380026771.0 4.33333333333 1.0 2.0
10846188.0 10846200.0 1380026992.0 1288.0 0.0 2.0
10863503.0 10863508.0 1380044307.0 224.166666667 1.0 2.0
10863629.0 10863664.0 1380044433.0 1311.5 0.0 2.0
10863837.0 10863849.0 1380044641.0 29.2857142857 1.0 2.0
10863933.0 10863957.0 1380044737.0 1244.0 0.0 2.0
10864059.0 10864065.0 1380044863.0 1201.0 0.0 2.0
10873388.0 10873400.0 1380054192.0 4.33333333333 1.0 2.0
10873454.0 10873466.0 1380054258.0 1333.0 0.0 2.0
10906921.0 10906926.0 1380087725.0 224.5 1.0 2.0
10950111.0 10950121.0 1380130915.0 222.666666667 1.0 2.0
10950236.0 10950266.0 1380131040.0 1286.0 0.0 2.0
10994094.0 10994106.0 1380174898.0 26.5714285714 1.0 2.0
10994154.0 10994166.0 1380174958.0 1333.0 0.0 2.0
11015642.0 11015659.0 1380196446.0 34.0 1.0 2.0
11015858.0 11015875.0 1380196662.0 1292.33333333 0.0 2.0
