1369250769
1369253870
1369342327
1369345273
1369508586
1369511736
1369561571
1369566065
1369594633
1369597595
1369680442
1369683387
1369766664
1369769619
1369853840
1369856768
1369940781
1369943776
1370022024
1370025033
1370111443
1370114424
1370198637
1370201554
1370283744
1370286675
1370377351
1370380154
1370459390
1370462236
1370545460
1370548344
1370631706
1370634612
1370717953
1370720831
1370799681
1370802615
1370894178
1370897104
1370983252
1370986106
1371074256
1371077116
1371150675
1371153615
1371235523
1371238398
1371417196
1371421012
1371509823
1371513673
1371594146
1371598047
1371741592
1371745429
1371836851
1371839666
1371888985
1371893281
1372102053
1372104901
1372185530
1372188463
1372273250
1372276171
1372365935
1372368710
1372531405
1372534769
1372619698
1372622497
1372717913
1372720628
1372876048
1372880701
1372962762
1372965656
1373044503
1373047265
1373226253
1373228937
1373312638
1373315378
1373397799
1373400505
1373483295
1373486034
1373569523
1373572236
1373807538
1373811591
1373829799
1373832425
1373915281
1373917904
1374002693
1374005299
1374170511
1374173174
1374347360
1374350021
1374432480
1374435125
1374522604
1374525160
1374611828
1374614406
1374690473
1374693164
1374781118
1374783801
1374948825
1374953099
1375038569
1375042938
1375130137
1375132813
1375213886
1375216570
1375297527
1375300223
1375383749
1375386247
1375471853
1375474476
1375554488
1375557128
1375643226
1375645897
1378922911
1378925775
1379009006
1379011814
1379097543
1379100324
1379147610
1379151860
1379356826
1379359589
1379442939
1379445816
1379526983
1379529845
1379617083
1379619948
1379767968
1379770886
1379875727
1379878556
1379972117
1379974922
1380047270
1380050231
1380135486
1380138307
1380221706
1380224541
