1369558891
1369573406
1369652132
1369652455
1370168459
1370174364
1370688475
1370690989
1370780568
1370783035
1371027529
1371029587
1371282758
1371285019
1371297329
1371299596
1371380260
1371382818
1371894685
1371897050
1371975763
1371982517
1372500757
1372508789
1372592923
1372595248
1373100690
1373121957
1373709526
1373720476
1374226418
1374231109
1374567393
1374569311
1374667516
1374669830
1374914594
1374916805
1374926224
1374931519
1375015151
1375021640
1375352360
1375360553
1375517220
1375519529
1375614082
1375616719
1379146485
1379152286
1379751386
1379756383
1379844683
1379847412
